V01000 V04001 V04002 V04202 V56084 V56085 V56086 V56087 V56088 V56089 V56090 V56091 V56092 V56093 V56094 V56095 V56096 V56097 V56098 V56099 C56001 C56080 V56081 V56082 V56083
50353 1999 10 2 -999.0 -999.0 -999.0 -999 -999 -999 -999 -999 54 -999 -999.0 -999.0 -999 -999 -999.0 -999 大豆 单作 9 -999 -999 
50353 2000 11 2 -999.0 -999.0 -999.0 -999 -999 -999 -999 -999 -999 23 9.8 9.0 -999 -999 20.0 157 大豆 单作 -999 -999 -999 
50353 2002 11 2 -999.0 -999.0 -999.0 -999 -999 -999 -999 -999 -999 17 0.6 2.5 -999 -999 34.7 173 春小麦 单作 -999 -999 -999 
50353 2002 11 2 -999.0 -999.0 -999.0 -999 -999 -999 -999 -999 -999 19 8.4 3.0 -999 -999 19.2 172 大豆 单作 -999 -999 -999 
50353 2003 11 2 -999.0 -999.0 -999.0 -999 -999 -999 -999 -999 -999 20 6.2 17.0 -999 -999 13.4 75 大豆 单作 -999 -999 -999 
50353 2003 11 2 -999.0 -999.0 -999.0 -999 -999 -999 -999 -999 -999 13 0.3 5.4 -999 -999 23.8 133 春小麦 单作 -999 -999 -999 
50353 2004 10 2 -999.0 -999.0 -999.0 -999 -999 -999 -999 -999 595 -999 -999.0 -999.0 -999 -999 -999.0 -999 大豆 单作 -999 -999 -999 
50353 2004 10 2 -999.0 -999.0 -999.0 -999 -999 -999 -999 -999 639 -999 -999.0 -999.0 -999 -999 -999.0 -999 春小麦 单作 -999 -999 -999 
50353 2004 11 2 -999.0 -999.0 -999.0 -999 -999 -999 -999 -999 -999 32 10.3 7.0 -999 -999 18.8 153 大豆 单作 -999 -999 -999 
50353 2004 11 2 -999.0 -999.0 -999.0 -999 -999 -999 -999 -999 -999 21 0.6 4.2 -999 -999 32.0 192 春小麦 单作 -999 -999 -999 
50353 2005 10 2 -999.0 -999.0 -999.0 -999 -999 -999 -999 -999 -27 -999 -999.0 -999.0 -999 -999 -999.0 -999 大豆 单作 -999 -999 -999 
50353 2005 10 2 -999.0 -999.0 -999.0 -999 -999 -999 -999 -999 -1 -999 -999.0 -999.0 -999 -999 -999.0 -999 春小麦 单作 -999 -999 -999 
50353 2005 11 2 -999.0 -999.0 -999.0 -999 -999 -999 -999 -999 -999 23 8.2 10.0 -999 -999 19.9 108 大豆 单作 -999 -999 -999 
50353 2005 11 2 -999.0 -999.0 -999.0 -999 -999 -999 -999 -999 -999 21 0.8 3.2 -999 -999 36.8 233 春小麦 单作 -999 -999 -999 
50353 2006 10 2 -999.0 -999.0 -999.0 -999 -999 -999 -999 -999 -1 -999 -999.0 -999.0 -999 -999 -999.0 -999 大豆 单作 -999 -999 -999 
50353 2006 10 2 -999.0 -999.0 -999.0 -999 -999 -999 -999 -999 25 -999 -999.0 -999.0 -999 -999 -999.0 -999 春小麦 单作 -999 -999 -999 
50353 2006 11 2 -999.0 -999.0 -999.0 -999 -999 -999 -999 -999 -999 23 4.9 18.0 -999 -999 12.9 98 大豆 单作 -999 -999 -999 
50353 2006 11 2 -999.0 -999.0 -999.0 -999 -999 -999 -999 -999 -999 22 0.7 2.7 -999 -999 34.4 208 春小麦 单作 -999 -999 -999 
50353 2007 10 2 -999.0 -999.0 -999.0 -999 -999 -999 -999 -999 5 -999 -999.0 -999.0 -999 -999 -999.0 -999 春小麦 单作 -999 -999 -999 
50353 2007 10 2 -999.0 -999.0 -999.0 -999 -999 -999 -999 -999 18 -999 -999.0 -999.0 -999 -999 -999.0 -999 大豆 单作 -999 -999 -999 
50353 2008 10 2 -999.0 -999.0 -999.0 -999 -999 -999 -999 -999 58 -999 -999.0 -999.0 -999 -999 -999.0 -999 春小麦 单作 -999 -999 -999 
50353 2008 10 2 -999.0 -999.0 -999.0 -999 -999 -999 -999 -999 45 -999 -999.0 -999.0 -999 -999 -999.0 -999 大豆 单作 -999 -999 -999 
50353 2008 11 2 -999.0 -999.0 -999.0 -999 -999 -999 -999 -999 -999 15 0.3 2.0 -999 -999 23.3 100 春小麦 单作 -999 -999 -999 
50353 2008 11 2 -999.0 -999.0 -999.0 -999 -999 -999 -999 -999 -999 22 5.8 7.0 -999 -999 16.7 100 大豆 单作 -999 -999 -999 
50468 1999 10 2 -999.0 -999.0 -999.0 -999 -999 -999 -999 -999 -2 -999 -999.0 -999.0 -999 -999 -999.0 -999 大豆 单作 -999 -999 -999 
50468 2000 11 2 -999.0 -999.0 -999.0 -999 -999 -999 -999 -999 -999 -999 -999.0 -999.0 -999 -999 -999.0 196 -999 -999 1 -999 -999 
50468 2000 11 2 -999.0 -999.0 -999.0 -999 -999 -999 -999 -999 -999 11 0.3 1.8 -999 -999 3.8 60 春小麦 单作 -999 -999 -999 
50468 2003 10 2 -999.0 -999.0 -999.0 -999 -999 -999 -999 -999 -73 -999 -999.0 -999.0 -999 -999 -999.0 -999 大豆 单作 -999 -999 -999 
50468 2003 10 2 -999.0 -999.0 -999.0 -999 -999 -999 -999 -999 -54 -999 -999.0 -999.0 -999 -999 -999.0 -999 春玉米 单作 -999 -999 -999 
50468 2003 10 2 -999.0 -999.0 -999.0 -999 -999 -999 -999 -999 -80 -999 -999.0 -999.0 -999 -999 -999.0 -999 春小麦 单作 -999 -999 -999 
50468 2003 10 2 -999.0 -999.0 -999.0 -999 -999 -999 -999 -999 -57 -999 -999.0 -999.0 -999 -999 -999.0 -999 一季稻 单作 -999 -999 -999 
50468 2003 11 2 -999.0 -999.0 -999.0 -999 -999 -999 -999 -999 -999 197 8.6 3.0 -999 -999 20.1 104 大豆 单作 -999 -999 -999 
50468 2003 11 2 -999.0 -999.0 -999.0 -999 -999 -999 -999 -999 -999 15 0.5 0.1 -999 -999 36.1 170 春小麦 单作 -999 -999 -999 
50468 2004 10 2 -999.0 -999.0 -999.0 -999 -999 -999 -999 -999 240 -999 -999.0 -999.0 -999 -999 -999.0 -999 大豆 单作 -999 -999 -999 
50468 2004 10 2 -999.0 -999.0 -999.0 -999 -999 -999 -999 -999 216 -999 -999.0 -999.0 -999 -999 -999.0 -999 春小麦 单作 -999 -999 -999 
50468 2004 11 2 -999.0 -999.0 -999.0 -999 -999 -999 -999 -999 -999 23 9.5 7.0 -999 -999 23.8 100 大豆 单作 -999 -999 -999 
50468 2004 11 2 -999.0 -999.0 -999.0 -999 -999 -999 -999 -999 -999 15 0.5 10.3 -999 -999 32.2 183 春小麦 单作 -999 -999 -999 
50468 2005 10 2 -999.0 -999.0 -999.0 -999 -999 -999 -999 -999 -11 -999 -999.0 -999.0 -999 -999 -999.0 -999 大豆 单作 -999 -999 -999 
50468 2005 10 2 -999.0 -999.0 -999.0 -999 -999 -999 -999 -999 2 -999 -999.0 -999.0 -999 -999 -999.0 -999 春小麦 单作 -999 -999 -999 
50468 2006 10 2 -999.0 -999.0 -999.0 -999 -999 -999 -999 -999 -43 -999 -999.0 -999.0 -999 -999 -999.0 -999 大豆 单作 -999 -999 -999 
50468 2006 10 2 -999.0 -999.0 -999.0 -999 -999 -999 -999 -999 23 -999 -999.0 -999.0 -999 -999 -999.0 -999 春小麦 单作 -999 -999 -999 
50468 2006 11 2 -999.0 -999.0 -999.0 -999 -999 -999 -999 -999 -999 26 6.9 9.0 -999 -999 14.5 100 大豆 单作 -999 -999 -999 
50468 2006 11 2 -999.0 -999.0 -999.0 -999 -999 -999 -999 -999 -999 21 0.6 0.5 -999 -999 29.7 150 春小麦 -999 -999 -999 -999 
50468 2007 10 2 -999.0 -999.0 -999.0 -999 -999 -999 -999 -999 30 -999 -999.0 -999.0 -999 -999 -999.0 -999 春小麦 单作 -999 -999 -999 
50468 2007 10 2 -999.0 -999.0 -999.0 -999 -999 -999 -999 -999 15 -999 -999.0 -999.0 -999 -999 -999.0 -999 大豆 单作 -999 -999 -999 
50468 2007 11 2 -999.0 -999.0 -999.0 -999 -999 -999 -999 -999 -999 33 1.0 0.3 -999 -999 32.9 300 春小麦 单作 -999 -999 -999 
50468 2007 11 2 -999.0 -999.0 -999.0 -999 -999 -999 -999 -999 -999 15 6.0 2.0 -999 -999 20.8 107 大豆 单作 -999 -999 -999 
50468 2008 10 2 -999.0 -999.0 -999.0 -999 -999 -999 -999 -999 41 -999 -999.0 -999.0 -999 -999 -999.0 -999 春小麦 单作 -999 -999 -999 
50468 2008 10 2 -999.0 -999.0 -999.0 -999 -999 -999 -999 -999 125 -999 -999.0 -999.0 -999 -999 -999.0 -999 大豆 单作 -999 -999 -999 
50468 2008 11 2 -999.0 -999.0 -999.0 -999 -999 -999 -999 -999 -999 19 0.7 0.3 -999 -999 38.6 227 春小麦 单作 -999 -999 -999 
50468 2008 11 2 -999.0 -999.0 -999.0 -999 -999 -999 -999 -999 -999 31 9.2 15.0 -999 -999 18.5 133 大豆 单作 -999 -999 -999 
50557 1999 10 2 -999.0 -999.0 -999.0 -999 -999 -999 -999 -999 33 -999 -999.0 -999.0 -999 -999 -999.0 -999 大豆 单作 -999 -999 -999 
50557 2002 11 2 -999.0 -999.0 -999.0 -999 -999 -999 -999 -999 -999 16 0.6 0.2 -999 -999 30.3 147 春小麦 单作 -999 -999 -999 
50557 2002 11 2 -999.0 -999.0 -999.0 -999 -999 -999 -999 -999 -999 50 9.8 10.0 -999 -999 1.5 133 大豆 单作 -999 -999 -999 
50557 2003 11 2 -999.0 -999.0 -999.0 -999 -999 -999 -999 -999 -999 57 9.9 10.0 -999 -999 16.7 200 大豆 单作 -999 -999 -999 
50557 2003 11 2 -999.0 -999.0 -999.0 -999 -999 -999 -999 -999 -999 15 0.6 0.2 -999 -999 32.4 143 春小麦 单作 -999 -999 -999 
50557 2004 10 2 -999.0 -999.0 -999.0 -999 -999 -999 -999 -999 37 -999 -999.0 -999.0 -999 -999 -999.0 -999 大豆 单作 -999 -999 -999 
50557 2004 10 2 -999.0 -999.0 -999.0 -999 -999 -999 -999 -999 125 -999 -999.0 -999.0 -999 -999 -999.0 -999 春小麦 单作 -999 -999 -999 
50557 2004 11 2 -999.0 -999.0 -999.0 -999 -999 -999 -999 -999 -999 581 10.2 5.0 -999 -999 17.3 133 大豆 单作 -999 -999 -999 
50557 2004 11 2 -999.0 -999.0 -999.0 -999 -999 -999 -999 -999 -999 205 0.8 0.2 -999 -999 37.8 213 春小麦 单作 -999 -999 -999 
50557 2005 10 2 -999.0 -999.0 -999.0 -999 -999 -999 -999 -999 -999 -999 -999.0 -999.0 -999 -999 -999.0 -999 -999 -999 -999 -999 -999 
50557 2005 10 2 -999.0 -999.0 -999.0 -999 -999 -999 -999 -999 14 -999 -999.0 -999.0 -999 -999 -999.0 -999 大豆 单作 -999 -999 -999 
50557 2005 10 2 -999.0 -999.0 -999.0 -999 -999 -999 -999 -999 56 -999 -999.0 -999.0 -999 -999 -999.0 -999 春小麦 单作 -999 -999 -999 
50557 2006 11 2 -999.0 -999.0 -999.0 -999 -999 -999 -999 -999 -999 55 7.4 5.0 -999 -999 13.2 110 大豆 单作 -999 -999 -999 
50557 2006 11 2 -999.0 -999.0 -999.0 -999 -999 -999 -999 -999 -999 22 0.8 0.1 -999 -999 37.8 180 春小麦 单作 -999 -999 -999 
50557 2007 10 2 -999.0 -999.0 -999.0 -999 -999 -999 -999 -999 5 -999 -999.0 -999.0 -999 -999 -999.0 -999 春小麦 单作 -999 -999 -999 
50557 2007 10 2 -999.0 -999.0 -999.0 -999 -999 -999 -999 -999 15 -999 -999.0 -999.0 -999 -999 -999.0 -999 大豆 单作 -999 -999 -999 
50557 2007 11 2 -999.0 -999.0 -999.0 -999 -999 -999 -999 -999 -999 22 9.0 0.2 -999 -999 38.2 268 春小麦 单作 -999 -999 -999 
50557 2007 11 2 -999.0 -999.0 -999.0 -999 -999 -999 -999 -999 -999 16 64.0 5.0 -999 -999 16.4 70 大豆 单作 -999 -999 -999 
50557 2008 10 2 -999.0 -999.0 -999.0 -999 -999 -999 -999 -999 14 -999 -999.0 -999.0 -999 -999 -999.0 -999 春小麦 单作 -999 -999 -999 
50557 2008 10 2 -999.0 -999.0 -999.0 -999 -999 -999 -999 -999 96 -999 -999.0 -999.0 -999 -999 -999.0 -999 大豆 单作 -999 -999 -999 
50557 2008 11 2 -999.0 -999.0 -999.0 -999 -999 -999 -999 -999 -999 22 0.8 0.2 -999 -999 38.3 230 春小麦 单作 -999 -999 -999 
50557 2008 11 2 -999.0 -999.0 -999.0 -999 -999 -999 -999 -999 -999 44 11.2 4.0 -999 -999 15.8 174 大豆 单作 -999 -999 -999 
50655 1999 10 2 -999.0 -999.0 -999.0 -999 -999 -999 -999 -999 -3 -999 -999.0 -999.0 -999 -999 -999.0 -999 春小麦 单作 -999 -999 -999 
50655 2002 11 2 -999.0 -999.0 -999.0 -999 -999 -999 -999 -999 -999 28 -999.0 0.3 -999 -999 35.5 210 春小麦 单作 -999 -999 -999 
50655 2002 11 2 -999.0 -999.0 -999.0 -999 -999 -999 -999 -999 -999 31 11.8 3.0 -999 -999 18.5 140 大豆 单作 -999 -999 -999 
50655 2003 10 2 -999.0 -999.0 -999.0 -999 -999 -999 -999 -999 -32 -999 -999.0 -999.0 -999 -999 -999.0 -999 大豆 单作 -999 -999 -999 
50655 2003 10 2 -999.0 -999.0 -999.0 -999 -999 -999 -999 -999 -60 -999 -999.0 -999.0 -999 -999 -999.0 -999 春小麦 单作 -999 -999 -999 
50655 2003 11 2 -999.0 -999.0 -999.0 -999 -999 -999 -999 -999 -999 21 6.8 7.0 -999 -999 16.4 90 大豆 单作 -999 -999 -999 
50655 2003 11 2 -999.0 -999.0 -999.0 -999 -999 -999 -999 -999 -999 16 -999.0 0.6 -999 -999 28.4 85 春小麦 单作 -999 -999 -999 
50655 2004 10 2 -999.0 -999.0 -999.0 -999 -999 -999 -999 -999 39 -999 -999.0 -999.0 -999 -999 -999.0 -999 大豆 单作 -999 -999 -999 
50655 2004 10 2 -999.0 -999.0 -999.0 -999 -999 -999 -999 -999 100 -999 -999.0 -999.0 -999 -999 -999.0 -999 春小麦 单作 -999 -999 -999 
50655 2004 11 2 -999.0 -999.0 -999.0 -999 -999 -999 -999 -999 -999 25 8.9 3.0 -999 -999 17.9 130 大豆 单作 -999 -999 -999 
50655 2004 11 2 -999.0 -999.0 -999.0 -999 -999 -999 -999 -999 -999 18 -999.0 1.1 -999 -999 38.7 150 春小麦 单作 -999 -999 -999 
50655 2005 10 2 -999.0 -999.0 -999.0 -999 -999 -999 -999 -999 8 -999 -999.0 -999.0 -999 -999 -999.0 -999 大豆 单作 -999 -999 -999 
50655 2005 10 2 -999.0 -999.0 -999.0 -999 -999 -999 -999 -999 42 -999 -999.0 -999.0 -999 -999 -999.0 -999 春小麦 单作 -999 -999 -999 
50655 2005 11 2 -999.0 -999.0 -999.0 -999 -999 -999 -999 -999 -999 29 9.7 3.0 -999 -999 16.7 170 大豆 单作 -999 -999 -999 
50655 2005 11 2 -999.0 -999.0 -999.0 -999 -999 -999 -999 -999 -999 25 -999.0 0.7 -999 -999 35.7 290 春小麦 单作 -999 -999 -999 
50655 2006 10 2 -999.0 -999.0 -999.0 -999 -999 -999 -999 -999 -15 -999 -999.0 -999.0 -999 -999 -999.0 -999 大豆 单作 -999 -999 -999 
50655 2006 10 2 -999.0 -999.0 -999.0 -999 -999 -999 -999 -999 0 -999 -999.0 -999.0 -999 -999 -999.0 -999 春小麦 单作 -999 -999 -999 
50655 2006 11 2 -999.0 -999.0 -999.0 -999 -999 -999 -999 -999 -999 26 8.0 3.0 -999 -999 15.2 140 大豆 单作 -999 -999 -999 
50655 2006 11 2 -999.0 -999.0 -999.0 -999 -999 -999 -999 -999 -999 30 -999.0 0.9 -999 -999 35.5 300 春小麦 单作 -999 -999 -999 
50655 2007 10 2 -999.0 -999.0 -999.0 -999 -999 -999 -999 -999 2 -999 -999.0 -999.0 -999 -999 -999.0 -999 春小麦 单作 -999 -999 -999 
50655 2007 10 2 -999.0 -999.0 -999.0 -999 -999 -999 -999 -999 21 -999 -999.0 -999.0 -999 -999 -999.0 -999 大豆 单作 -999 -999 -999 
50655 2007 11 2 -999.0 -999.0 -999.0 -999 -999 -999 -999 -999 -999 32 -999.0 0.3 -999 -999 44.0 300 春小麦 单作 -999 -999 -999 
50655 2007 11 2 -999.0 -999.0 -999.0 -999 -999 -999 -999 -999 -999 23 66.0 9.0 -999 -999 13.7 120 大豆 单作 -999 -999 -999 
50655 2008 10 2 -999.0 -999.0 -999.0 -999 -999 -999 -999 -999 13 -999 -999.0 -999.0 -999 -999 -999.0 -999 春小麦 单作 -999 -999 -999 
50655 2008 10 2 -999.0 -999.0 -999.0 -999 -999 -999 -999 -999 3 -999 -999.0 -999.0 -999 -999 -999.0 -999 大豆 单作 -999 -999 -999 
50655 2008 11 2 -999.0 -999.0 -999.0 -999 -999 -999 -999 -999 -999 37 -999.0 0.4 -999 -999 43.3 300 春小麦 单作 -999 -999 -999 
50655 2008 11 2 -999.0 -999.0 -999.0 -999 -999 -999 -999 -999 -999 23 6.6 6.0 -999 -999 14.1 140 大豆 单作 -999 -999 -999 
50658 2000 11 2 -999.0 -999.0 -999.0 -999 -999 -999 -999 -999 -999 15 -999.0 -999.0 -999 -999 25.1 86 春小麦 单作 -999 -999 -999 
50658 2003 10 2 -999.0 -999.0 -999.0 -999 -999 -999 -999 -999 -70 -999 -999.0 -999.0 -999 -999 -999.0 -999 春小麦 单作 -999 -999 -999 
50658 2004 10 2 -999.0 -999.0 -999.0 -999 -999 -999 -999 -999 243 -999 -999.0 -999.0 -999 -999 -999.0 -999 春小麦 -999 -999 -999 -999 
50673 1999 10 2 -999.0 -999.0 -999.0 -999 -999 -999 -999 -999 -999 20 8.4 3.0 -999 -999 16.4 -999 大豆 单作 -999 -999 -999 
50739 2002 11 2 -999.0 -999.0 -999.0 -999 -999 -999 -999 -999 -999 -999 188.0 0.0 -999 -999 41.8 507 春玉米 单作 -999 -999 -999 
50739 2002 11 2 -999.0 -999.0 -999.0 -999 -999 -999 -999 -999 -999 39 15.5 4.0 -999 -999 19.0 150 大豆 单作 -999 -999 -999 
50739 2003 10 2 -999.0 -999.0 -999.0 -999 -999 -999 -999 -999 -27 -999 -999.0 -999.0 -999 -999 -999.0 -999 春玉米 单作 -999 -999 -999 
50739 2003 11 2 -999.0 -999.0 -999.0 -999 -999 -999 -999 -999 -999 33 13.5 6.0 -999 -999 16.0 126 大豆 单作 -999 -999 -999 
50739 2003 11 2 -999.0 -999.0 -999.0 -999 -999 -999 -999 -999 -999 -999 164.0 0.0 -999 -999 39.2 407 春玉米 单作 -999 -999 -999 
50739 2004 10 2 -999.0 -999.0 -999.0 -999 -999 -999 -999 -999 -20 -999 -999.0 -999.0 -999 -999 -999.0 -999 春玉米 单作 -999 -999 -999 
50739 2004 11 2 -999.0 -999.0 -999.0 -999 -999 -999 -999 -999 -999 35 13.9 5.0 -999 -999 16.2 113 大豆 单作 -999 -999 -999 
50739 2004 11 2 -999.0 -999.0 -999.0 -999 -999 -999 -999 -999 -999 -999 86.0 0.0 -999 -999 20.0 253 春玉米 单作 -999 -999 -999 
50739 2005 10 2 -999.0 -999.0 -999.0 -999 -999 -999 -999 -999 123 -999 -999.0 -999.0 -999 -999 -999.0 -999 春玉米 单作 -999 -999 -999 
50739 2005 11 2 -999.0 -999.0 -999.0 -999 -999 -999 -999 -999 -999 37 15.0 4.0 -999 -999 18.8 150 大豆 单作 -999 -999 -999 
50739 2005 11 2 -999.0 -999.0 -999.0 -999 -999 -999 -999 -999 -999 -999 182.0 0.0 -999 -999 39.9 575 春玉米 单作 -999 -999 -999 
50739 2006 10 2 -999.0 -999.0 -999.0 -999 -999 -999 -999 -999 12 -999 -999.0 -999.0 -999 -999 -999.0 -999 春玉米 单作 -999 -999 -999 
50739 2006 11 2 -999.0 -999.0 -999.0 -999 -999 -999 -999 -999 -999 38 15.5 4.0 -999 -999 19.0 150 大豆 单作 -999 -999 -999 
50739 2006 11 2 -999.0 -999.0 -999.0 -999 -999 -999 -999 -999 -999 -999 186.0 0.0 -999 -999 40.0 445 春玉米 单作 -999 -999 -999 
50739 2007 10 2 -999.0 -999.0 -999.0 -999 -999 -999 -999 -999 35 -999 -999.0 -999.0 -999 -999 -999.0 -999 春玉米 单作 -999 -999 -999 
50739 2007 11 2 -999.0 -999.0 -999.0 -999 -999 -999 -999 -999 -999 -999 175.0 0.0 -999 -999 37.5 311 春玉米 单作 -999 -999 -999 
50739 2007 11 2 -999.0 -999.0 -999.0 -999 -999 -999 -999 -999 -999 35 -999.0 5.0 -999 -999 17.0 127 大豆 单作 -999 -999 -999 
50739 2008 10 2 -999.0 -999.0 -999.0 -999 -999 -999 -999 -999 201 -999 -999.0 -999.0 -999 -999 -999.0 -999 春玉米 单作 -999 -999 -999 
50739 2008 11 2 -999.0 -999.0 -999.0 -999 -999 -999 -999 -999 -999 -999 197.0 0.0 -999 -999 41.0 520 春玉米 单作 -999 -999 -999 
50739 2008 11 2 -999.0 -999.0 -999.0 -999 -999 -999 -999 -999 -999 38 15.3 3.0 -999 -999 18.3 147 大豆 单作 -999 -999 -999 
50742 1999 10 2 -999.0 -999.0 -999.0 -999 -999 -999 -999 -999 0 -999 -999.0 -999.0 -999 -999 -999.0 -999 春玉米 单作 -999 -999 -999 
50742 2000 11 2 -999.0 -999.0 -999.0 -999 -999 -999 -999 -999 -999 -999 150.0 0.0 -999 -999 32.2 204 春玉米 单作 -999 -999 -999 
50742 2002 10 2 -999.0 -999.0 -999.0 -999 -999 -999 -999 -999 0 -999 -999.0 -999.0 -999 -999 -999.0 -999 春玉米 单作 -999 -999 -999 
50742 2002 11 2 -999.0 -999.0 -999.0 -999 -999 -999 -999 -999 -999 -999 124.0 100.0 -999 -999 29.3 346 春玉米 单作 -999 -999 -999 
50742 2002 11 2 -999.0 -999.0 -999.0 -999 -999 -999 -999 -999 -999 -999 -999.0 -999.0 -999 -999 -999.0 156 向日葵 单作 -999 -999 -999 
50742 2003 10 2 -999.0 -999.0 -999.0 -999 -999 -999 -999 -999 -70 -999 -999.0 -999.0 -999 -999 -999.0 -999 春玉米 单作 -999 -999 -999 
50742 2003 11 2 -999.0 -999.0 -999.0 -999 -999 -999 -999 -999 -999 -999 115.0 -999.0 -999 -999 26.2 293 春玉米 单作 -999 -999 -999 
50742 2004 10 2 -999.0 -999.0 -999.0 -999 -999 -999 -999 -999 10 -999 -999.0 -999.0 -999 -999 -999.0 -999 春玉米 单作 -999 -999 -999 
50742 2004 11 2 -999.0 -999.0 -999.0 -999 -999 -999 -999 -999 -999 -999 125.0 -999.0 -999 -999 28.0 587 春玉米 单作 -999 -999 -999 
50742 2005 11 2 -999.0 -999.0 -999.0 -999 -999 -999 -999 -999 -999 -999 101.0 0.0 -999 -999 30.1 186 春玉米 单作 -999 -999 -999 
50742 2006 11 2 -999.0 -999.0 -999.0 -999 -999 -999 -999 -999 -999 -999 125.0 0.0 -999 -999 28.9 393 春玉米 单作 -999 -999 -999 
50742 2007 11 2 -999.0 -999.0 -999.0 -999 -999 -999 -999 -999 -999 -999 62.0 23.0 -999 -999 18.2 107 春玉米 单作 -999 -999 -999 
50756 2002 11 2 -999.0 -999.0 -999.0 -999 -999 -999 -999 -999 -999 -999 219.0 0.0 -999 -999 27.6 487 春玉米 单作 -999 -999 -999 
50756 2002 11 2 -999.0 -999.0 -999.0 -999 -999 -999 -999 -999 -999 33 11.7 8.0 -999 -999 16.4 187 大豆 单作 -999 -999 -999 
50756 2002 11 2 -999.0 -999.0 -999.0 -999 -999 -999 -999 -999 -999 -999 -999.0 -999.0 -999 -999 -999.0 999 甜菜 单作 -999 -999 -999 
50756 2003 10 2 -999.0 -999.0 -999.0 -999 -999 -999 -999 -999 -17 -999 -999.0 -999.0 -999 -999 -999.0 -999 大豆 单作 -999 -999 -999 
50756 2003 10 2 -999.0 -999.0 -999.0 -999 -999 -999 -999 -999 -19 -999 -999.0 -999.0 -999 -999 -999.0 -999 春玉米 单作 -999 -999 -999 
50756 2003 10 2 -999.0 -999.0 -999.0 -999 -999 -999 -999 -999 -15 -999 -999.0 -999.0 -999 -999 -999.0 -999 春小麦 单作 -999 -999 -999 
50756 2003 10 2 -999.0 -999.0 -999.0 -999 -999 -999 -999 -999 -20 -999 -999.0 -999.0 -999 -999 -999.0 -999 一季稻 单作 -999 -999 -999 
50756 2003 11 2 -999.0 -999.0 -999.0 -999 -999 -999 -999 -999 -999 -999 -999.0 -999.0 -999 -999 -999.0 0 马铃薯 单作 -999 -999 -999 
50756 2003 11 2 -999.0 -999.0 -999.0 -999 -999 -999 -999 -999 -999 36 12.5 9.0 -999 -999 14.9 240 大豆 单作 -999 -999 -999 
50756 2003 11 2 -999.0 -999.0 -999.0 -999 -999 -999 -999 -999 -999 -999 130.0 0.0 -999 -999 37.6 315 春玉米 单作 -999 -999 -999 
50756 2004 10 2 -999.0 -999.0 -999.0 -999 -999 -999 -999 -999 12 -999 -999.0 -999.0 -999 -999 -999.0 -999 大豆 单作 -999 -999 -999 
50756 2004 10 2 -999.0 -999.0 -999.0 -999 -999 -999 -999 -999 15 -999 -999.0 -999.0 -999 -999 -999.0 -999 春玉米 单作 -999 -999 -999 
50756 2004 10 2 -999.0 -999.0 -999.0 -999 -999 -999 -999 -999 12 -999 -999.0 -999.0 -999 -999 -999.0 -999 春小麦 单作 -999 -999 -999 
50756 2004 10 2 -999.0 -999.0 -999.0 -999 -999 -999 -999 -999 16 -999 -999.0 -999.0 -999 -999 -999.0 -999 一季稻 单作 -999 -999 -999 
50756 2004 11 2 -999.0 -999.0 -999.0 -999 -999 -999 -999 -999 -999 -999 -999.0 -999.0 -999 -999 -999.0 193 马铃薯 单作 -999 -999 -999 
50756 2004 11 2 -999.0 -999.0 -999.0 -999 -999 -999 -999 -999 -999 38 13.3 5.0 -999 -999 17.3 264 大豆 单作 -999 -999 -999 
50756 2004 11 2 -999.0 -999.0 -999.0 -999 -999 -999 -999 -999 -999 -999 199.0 0.0 -999 -999 30.4 395 春玉米 单作 -999 -999 -999 
50756 2005 10 2 -999.0 -999.0 -999.0 -999 -999 -999 -999 -999 19 -999 -999.0 -999.0 -999 -999 -999.0 -999 大豆 单作 -999 -999 -999 
50756 2005 10 2 -999.0 -999.0 -999.0 -999 -999 -999 -999 -999 16 -999 -999.0 -999.0 -999 -999 -999.0 -999 春玉米 单作 -999 -999 -999 
50756 2005 10 2 -999.0 -999.0 -999.0 -999 -999 -999 -999 -999 5 -999 -999.0 -999.0 -999 -999 -999.0 -999 一季稻 单作 -999 -999 -999 
50756 2005 11 2 -999.0 -999.0 -999.0 -999 -999 -999 -999 -999 -999 -999 -999.0 -999.0 -999 -999 -999.0 205 马铃薯 单作 -999 -999 -999 
50756 2005 11 2 -999.0 -999.0 -999.0 -999 -999 -999 -999 -999 -999 35 10.8 12.0 -999 -999 18.7 217 大豆 单作 -999 -999 -999 
50756 2005 11 2 -999.0 -999.0 -999.0 -999 -999 -999 -999 -999 -999 -999 221.0 0.0 -999 -999 32.0 537 春玉米 -999 -999 -999 -999 
50756 2006 10 2 -999.0 -999.0 -999.0 -999 -999 -999 -999 -999 0 -999 -999.0 -999.0 -999 -999 -999.0 -999 春玉米 单作 -999 -999 -999 
50756 2006 10 2 -999.0 -999.0 -999.0 -999 -999 -999 -999 -999 15 -999 -999.0 -999.0 -999 -999 -999.0 -999 一季稻 单作 -999 -999 -999 
50756 2006 10 2 -999.0 -999.0 -999.0 -999 -999 -999 -999 -999 -7 -999 -999.0 -999.0 -999 -999 -999.0 -999 大豆 单作 -999 -999 -999 
50756 2006 11 2 -999.0 -999.0 -999.0 -999 -999 -999 -999 -999 -999 -999 -999.0 -999.0 -999 -999 -999.0 153 马铃薯 单作 -999 -999 -999 
50756 2006 11 2 -999.0 -999.0 -999.0 -999 -999 -999 -999 -999 -999 32 9.0 7.0 -999 -999 15.5 197 大豆 单作 -999 -999 -999 
50756 2006 11 2 -999.0 -999.0 -999.0 -999 -999 -999 -999 -999 -999 -999 215.0 0.0 -999 -999 27.3 523 春玉米 单作 -999 -999 -999 
50756 2007 10 2 -999.0 -999.0 -999.0 -999 -999 -999 -999 -999 14 -999 -999.0 -999.0 -999 -999 -999.0 -999 一季稻 单作 -999 -999 -999 
50756 2007 10 2 -999.0 -999.0 -999.0 -999 -999 -999 -999 -999 6 -999 -999.0 -999.0 -999 -999 -999.0 -999 春玉米 单作 -999 -999 -999 
50756 2007 10 2 -999.0 -999.0 -999.0 -999 -999 -999 -999 -999 13 -999 -999.0 -999.0 -999 -999 -999.0 -999 大豆 单作 -999 -999 -999 
50756 2007 11 2 -999.0 -999.0 -999.0 -999 -999 -999 -999 -999 -999 -999 215.0 0.0 -999 -999 31.6 523 春玉米 单作 -999 -999 -999 
50756 2007 11 2 -999.0 -999.0 -999.0 -999 -999 -999 -999 -999 -999 26 92.0 5.0 -999 -999 16.6 197 大豆 单作 -999 -999 -999 
50756 2007 11 2 -999.0 -999.0 -999.0 -999 -999 -999 -999 -999 -999 -999 -999.0 -999.0 -999 -999 -999.0 156 马铃薯 单作 -999 -999 -999 
50756 2008 10 2 -999.0 -999.0 -999.0 -999 -999 -999 -999 -999 2 -999 -999.0 -999.0 -999 -999 -999.0 -999 一季稻 单作 -999 -999 -999 
50756 2008 10 2 -999.0 -999.0 -999.0 -999 -999 -999 -999 -999 6 -999 -999.0 -999.0 -999 -999 -999.0 -999 春玉米 单作 -999 -999 -999 
50756 2008 10 2 -999.0 -999.0 -999.0 -999 -999 -999 -999 -999 8 -999 -999.0 -999.0 -999 -999 -999.0 -999 大豆 单作 -999 -999 -999 
50756 2008 11 1 -999.0 -999.0 -999.0 -999 -999 -999 -999 -999 -999 -999 198.0 0.0 -999 -999 32.0 480 春玉米 单作 -999 -999 -999 
50756 2008 11 1 -999.0 -999.0 -999.0 -999 -999 -999 -999 -999 -999 41 10.9 5.0 -999 -999 18.1 227 大豆 单作 -999 -999 -999 
50756 2008 11 1 -999.0 -999.0 -999.0 -999 -999 -999 -999 -999 -999 -999 -999.0 -999.0 -999 -999 -999.0 147 马铃薯 单作 -999 -999 -999 
50756 2008 11 2 -999.0 -999.0 -999.0 -999 -999 -999 -999 -999 -999 -999 198.0 0.0 -999 -999 32.0 480 春玉米 单作 -999 -999 -999 
50756 2008 11 2 -999.0 -999.0 -999.0 -999 -999 -999 -999 -999 -999 41 10.9 5.0 -999 -999 18.1 227 大豆 单作 -999 -999 -999 
50756 2008 11 2 -999.0 -999.0 -999.0 -999 -999 -999 -999 -999 -999 -999 -999.0 -999.0 -999 -999 -999.0 147 马铃薯 单作 -999 -999 -999 
50779 2001 8 3 -999.0 -999.0 -999.0 -999 -999 -999 -999 -999 5 -999 -999.0 -999.0 -999 -999 -999.0 -999 大豆 单作 8 -999 -999 
50779 2003 8 2 -999.0 -999.0 -999.0 -999 -999 -999 -999 -999 -18 -999 -999.0 -999.0 -999 -999 -999.0 -999 大豆 单作 -999 -999 -999 
50779 2003 8 2 -999.0 -999.0 -999.0 -999 -999 -999 -999 -999 -73 -999 -999.0 -999.0 -999 -999 -999.0 -999 春小麦 单作 -999 -999 -999 
50779 2004 8 2 -999.0 -999.0 -999.0 -999 -999 -999 -999 -999 20 -999 -999.0 -999.0 -999 -999 -999.0 -999 大豆 单作 -999 -999 -999 
50779 2004 8 2 -999.0 -999.0 -999.0 -999 -999 -999 -999 -999 0 -999 -999.0 -999.0 -999 -999 -999.0 -999 春小麦 单作 -999 -999 -999 
50779 2005 8 1 -999.0 -999.0 -999.0 -999 -999 -999 -999 -999 16 -999 -999.0 -999.0 -999 -999 -999.0 -999 大豆 单作 -999 -999 -999 
50779 2005 8 1 -999.0 -999.0 -999.0 -999 -999 -999 -999 -999 -11 -999 -999.0 -999.0 -999 -999 -999.0 -999 春小麦 单作 -999 -999 -999 
50779 2006 8 1 -999.0 -999.0 -999.0 -999 -999 -999 -999 -999 -13 -999 -999.0 -999.0 -999 -999 -999.0 -999 大豆 单作 -999 -999 -999 
50779 2006 8 1 -999.0 -999.0 -999.0 -999 -999 -999 -999 -999 0 -999 -999.0 -999.0 -999 -999 -999.0 -999 春小麦 单作 -999 -999 -999 
50779 2007 8 1 -999.0 -999.0 -999.0 -999 -999 -999 -999 -999 -5 -999 -999.0 -999.0 -999 -999 -999.0 -999 大豆 单作 -999 -999 -999 
50779 2007 8 1 -999.0 -999.0 -999.0 -999 -999 -999 -999 -999 -2 -999 -999.0 -999.0 -999 -999 -999.0 -999 春小麦 单作 -999 -999 -999 
50779 2008 8 1 -999.0 -999.0 -999.0 -999 -999 -999 -999 -999 2 -999 -999.0 -999.0 -999 -999 -999.0 -999 春小麦 单作 -999 -999 -999 
50779 2008 8 1 -999.0 -999.0 -999.0 -999 -999 -999 -999 -999 18 -999 -999.0 -999.0 -999 -999 -999.0 -999 大豆 单作 -999 -999 -999 
50788 2000 11 2 -999.0 -999.0 -999.0 -999 -999 -999 -999 -999 -999 27 17.1 14.0 -999 -999 18.5 240 大豆 单作 9 -999 -999 
50788 2002 11 2 -999.0 -999.0 -999.0 -999 -999 -999 -999 -999 -999 29 1.0 0.8 -999 -999 41.4 600 春小麦 单作 -999 -999 -999 
50788 2002 11 2 -999.0 -999.0 -999.0 -999 -999 -999 -999 -999 -999 45 11.5 17.0 -999 -999 18.2 430 大豆 单作 -999 -999 -999 
50788 2003 10 2 -999.0 -999.0 -999.0 -999 -999 -999 -999 -999 -43 -999 -999.0 -999.0 -999 -999 -999.0 -999 大豆 单作 -999 -999 -999 
50788 2003 10 2 -999.0 -999.0 -999.0 -999 -999 -999 -999 -999 -42 -999 -999.0 -999.0 -999 -999 -999.0 -999 春小麦 单作 -999 -999 -999 
50788 2003 11 2 -999.0 -999.0 -999.0 -999 -999 -999 -999 -999 -999 31 11.6 7.0 -999 -999 19.8 160 大豆 单作 -999 -999 -999 
50788 2003 11 2 -999.0 -999.0 -999.0 -999 -999 -999 -999 -999 -999 28 0.9 1.4 -999 -999 32.7 300 春小麦 单作 -999 -999 -999 
50788 2004 10 2 -999.0 -999.0 -999.0 -999 -999 -999 -999 -999 -19 -999 -999.0 -999.0 -999 -999 -999.0 -999 大豆 单作 -999 -999 -999 
50788 2004 10 2 -999.0 -999.0 -999.0 -999 -999 -999 -999 -999 90 -999 -999.0 -999.0 -999 -999 -999.0 -999 春小麦 单作 -999 -999 -999 
50788 2004 11 2 -999.0 -999.0 -999.0 -999 -999 -999 -999 -999 -999 40 1.2 6.0 -999 -999 12.8 233 大豆 单作 -999 -999 -999 
50788 2004 11 2 -999.0 -999.0 -999.0 -999 -999 -999 -999 -999 -999 25 1.4 0.8 -999 -999 45.1 400 春小麦 单作 -999 -999 -999 
50788 2005 10 2 -999.0 -999.0 -999.0 -999 -999 -999 -999 -999 8 -999 -999.0 -999.0 -999 -999 -999.0 -999 大豆 单作 -999 -999 -999 
50788 2005 10 2 -999.0 -999.0 -999.0 -999 -999 -999 -999 -999 9 -999 -999.0 -999.0 -999 -999 -999.0 -999 春小麦 单作 -999 -999 -999 
50788 2005 11 2 -999.0 -999.0 -999.0 -999 -999 -999 -999 -999 -999 40 15.5 8.0 -999 -999 18.8 350 大豆 单作 -999 -999 -999 
50788 2005 11 2 -999.0 -999.0 -999.0 -999 -999 -999 -999 -999 -999 28 1.3 0.9 -999 -999 46.2 700 春小麦 单作 -999 -999 -999 
50788 2006 10 2 -999.0 -999.0 -999.0 -999 -999 -999 -999 -999 4 -999 -999.0 -999.0 -999 -999 -999.0 -999 大豆 单作 -999 -999 -999 
50788 2006 10 2 -999.0 -999.0 -999.0 -999 -999 -999 -999 -999 0 -999 -999.0 -999.0 -999 -999 -999.0 -999 春小麦 单作 -999 -999 -999 
50788 2006 11 2 -999.0 -999.0 -999.0 -999 -999 -999 -999 -999 -999 33 16.7 5.0 -999 -999 18.8 204 大豆 单作 -999 -999 -999 
50788 2006 11 2 -999.0 -999.0 -999.0 -999 -999 -999 -999 -999 -999 21 0.9 3.8 -999 -999 42.6 250 春小麦 单作 -999 -999 -999 
50788 2007 10 2 -999.0 -999.0 -999.0 -999 -999 -999 -999 -999 25 -999 -999.0 -999.0 -999 -999 -999.0 -999 大豆 单作 -999 -999 -999 
50788 2007 10 2 -999.0 -999.0 -999.0 -999 -999 -999 -999 -999 15 -999 -999.0 -999.0 -999 -999 -999.0 -999 春小麦 单作 -999 -999 -999 
50788 2007 11 2 -999.0 -999.0 -999.0 -999 -999 -999 -999 -999 -999 29 11.0 6.0 -999 -999 38.6 467 春小麦 单作 -999 -999 -999 
50788 2007 11 2 -999.0 -999.0 -999.0 -999 -999 -999 -999 -999 -999 22 93.0 8.0 -999 -999 20.5 167 大豆 单作 -999 -999 -999 
50788 2008 10 2 -999.0 -999.0 -999.0 -999 -999 -999 -999 -999 30 -999 -999.0 -999.0 -999 -999 -999.0 -999 春玉米 单作 -999 -999 -999 
50788 2008 10 2 -999.0 -999.0 -999.0 -999 -999 -999 -999 -999 15 -999 -999.0 -999.0 -999 -999 -999.0 -999 大豆 单作 -999 -999 -999 
50788 2008 11 2 -999.0 -999.0 -999.0 -999 -999 -999 -999 -999 -999 -999 114.0 0.0 -999 -999 30.9 467 春玉米 单作 -999 -999 -999 
50788 2008 11 2 -999.0 -999.0 -999.0 -999 -999 -999 -999 -999 -999 37 16.5 6.0 -999 -999 18.0 180 大豆 单作 -999 -999 -999 
50844 1999 10 3 -999.0 -999.0 -999.0 -999 -999 -999 -999 -999 -999 -999 208.0 0.0 -999 -999 32.4 667 春玉米 单作 -999 -999 -999 
50844 2000 9 1 -999.0 -999.0 -999.0 -999 -999 -999 -999 -999 -30 -999 -999.0 -999.0 -999 -999 -999.0 -999 春玉米 单作 -999 -999 -999 
50844 2001 9 2 -999.0 -999.0 -999.0 -999 -999 -999 -999 -999 -50 -999 -999.0 -999.0 -999 -999 -999.0 -999 春玉米 单作 -999 -999 -999 
50844 2002 10 3 -999.0 -999.0 -999.0 -999 -999 -999 -999 -999 -999 -999 -999.0 -999.0 -999 -999 -999.0 593 白地 单作 -999 -999 -999 
50844 2002 10 3 -999.0 -999.0 -999.0 -999 -999 -999 -999 -999 -999 -999 220.0 0.0 -999 -999 37.5 693 春玉米 单作 -999 -999 -999 
50844 2003 11 1 -999.0 -999.0 -999.0 -999 -999 -999 -999 -999 -999 -999 -999.0 -999.0 -999 -999 -999.0 693 高粱 单作 -999 -999 -999 
50844 2003 11 1 -999.0 -999.0 -999.0 -999 -999 -999 -999 -999 -999 -999 228.0 -999.0 -999 -999 39.9 707 春玉米 单作 -999 -999 -999 
50844 2004 10 3 -999.0 -999.0 -999.0 -999 -999 -999 -999 -999 -999 -999 158.0 -999.0 -999 -999 29.1 473 春玉米 单作 -999 -999 -999 
50844 2005 10 2 -999.0 -999.0 -999.0 -999 -999 -999 -999 -999 50 -999 -999.0 -999.0 -999 -999 -999.0 -999 春玉米 单作 -999 -999 -999 
50844 2005 11 1 -999.0 -999.0 -999.0 -999 -999 -999 -999 -999 -999 -999 229.0 -999.0 -999 -999 45.3 667 春玉米 单作 -999 -999 -999 
50844 2006 8 3 -999.0 -999.0 -999.0 -999 -999 -999 -999 -999 4 -999 -999.0 -999.0 -999 -999 -999.0 -999 春玉米 单作 -999 -999 -999 
50844 2006 10 3 -999.0 -999.0 -999.0 -999 -999 -999 -999 -999 -999 -999 233.0 -999.0 -999 -999 46.3 713 春玉米 单作 -999 -999 -999 
50844 2007 10 2 -999.0 -999.0 -999.0 -999 -999 -999 -999 -999 37 -999 -999.0 -999.0 -999 -999 -999.0 -999 春玉米 单作 -999 -999 -999 
50844 2007 11 1 -999.0 -999.0 -999.0 -999 -999 -999 -999 -999 -999 -999 182.0 0.0 -999 -999 33.3 -999 春玉米 单作 -999 -999 -999 
50844 2008 8 3 -999.0 -999.0 -999.0 -999 -999 -999 -999 -999 40 -999 -999.0 -999.0 -999 -999 -999.0 -999 春玉米 单作 -999 -999 -999 
50844 2008 10 2 -999.0 -999.0 -999.0 -999 -999 -999 -999 -999 40 -999 -999.0 -999.0 -999 -999 -999.0 -999 春玉米 单作 -999 -999 -999 
50844 2008 11 1 -999.0 -999.0 -999.0 -999 -999 -999 -999 -999 -999 -999 255.0 -999.0 -999 -999 39.6 773 春玉米 单作 -999 -999 -999 
50851 1999 10 2 -999.0 -999.0 -999.0 -999 -999 -999 -999 -999 -999 -999 144.0 0.0 -999 -999 26.6 368 春玉米 单作 9 -999 -999 
50851 2005 10 2 -999.0 -999.0 -999.0 -999 -999 -999 -999 -999 -999 39 21.7 0.0 -999 -999 18.4 200 大豆 单作 -999 -999 -999 
50851 2005 10 2 -999.0 -999.0 -999.0 -999 -999 -999 -999 -999 -999 -999 154.0 0.0 -999 -999 32.5 450 春玉米 单作 -999 -999 -999 
50851 2006 10 2 -999.0 -999.0 -999.0 -999 -999 -999 -999 -999 -999 41 19.2 0.0 -999 -999 17.6 225 大豆 单作 -999 -999 -999 
50851 2006 10 2 -999.0 -999.0 -999.0 -999 -999 -999 -999 -999 -999 -999 195.0 0.0 -999 -999 34.2 475 春玉米 单作 -999 -999 -999 
50851 2007 10 2 -999.0 -999.0 -999.0 -999 -999 -999 -999 -999 -999 -999 190.0 0.0 -999 -999 33.7 425 春玉米 单作 -999 -999 -999 
50851 2007 10 2 -999.0 -999.0 -999.0 -999 -999 -999 -999 -999 -999 36 10.0 0.0 -999 -999 16.2 125 大豆 单作 -999 -999 -999 
50851 2008 10 2 -999.0 -999.0 -999.0 -999 -999 -999 -999 -999 13 -999 -999.0 -999.0 -999 -999 -999.0 -999 春玉米 单作 -999 -999 -999 
50851 2008 10 2 -999.0 -999.0 -999.0 -999 -999 -999 -999 -999 11 -999 -999.0 -999.0 -999 -999 -999.0 -999 大豆 单作 -999 -999 -999 
50851 2008 11 2 -999.0 -999.0 -999.0 -999 -999 -999 -999 -999 -999 -999 176.0 0.0 -999 -999 39.3 451 春玉米 单作 -999 -999 -999 
50851 2008 11 2 -999.0 -999.0 -999.0 -999 -999 -999 -999 -999 -999 39 16.7 0.0 -999 -999 15.9 130 大豆 单作 -999 -999 -999 
50854 2002 11 2 -999.0 -999.0 -999.0 -999 -999 -999 -999 -999 17 -999 -999.0 -999.0 -999 -999 -999.0 -999 春玉米 单作 -999 -999 -999 
50861 2002 11 2 -999.0 -999.0 -999.0 -999 -999 -999 -999 -999 -999 41 18.5 8.0 -999 -999 18.7 187 大豆 单作 -999 -999 -999 
50861 2002 11 2 -999.0 -999.0 -999.0 -999 -999 -999 -999 -999 -999 80 1.8 -999.0 10 5 25.7 567 一季稻 单作 -999 -999 -999 
50861 2003 10 2 -999.0 -999.0 -999.0 -999 -999 -999 -999 -999 4 -999 -999.0 -999.0 -999 -999 -999.0 -999 大豆 单作 -999 -999 -999 
50861 2003 10 2 -999.0 -999.0 -999.0 -999 -999 -999 -999 -999 -1 -999 -999.0 -999.0 -999 -999 -999.0 -999 一季稻 单作 -999 -999 -999 
50861 2003 11 2 -999.0 -999.0 -999.0 -999 -999 -999 -999 -999 -999 34 12.8 12.0 -999 -999 20.2 156 大豆 单作 -999 -999 -999 
50861 2003 11 2 -999.0 -999.0 -999.0 -999 -999 -999 -999 -999 -999 62 1.6 -999.0 6 1 25.6 497 一季稻 单作 -999 -999 -999 
50861 2004 10 2 -999.0 -999.0 -999.0 -999 -999 -999 -999 -999 17 -999 -999.0 -999.0 -999 -999 -999.0 -999 大豆 单作 -999 -999 -999 
50861 2004 10 2 -999.0 -999.0 -999.0 -999 -999 -999 -999 -999 46 -999 -999.0 -999.0 -999 -999 -999.0 -999 一季稻 单作 -999 -999 -999 
50861 2004 11 2 -999.0 -999.0 -999.0 -999 -999 -999 -999 -999 -999 39 13.3 12.0 -999 -999 17.9 161 大豆 单作 -999 -999 -999 
50861 2004 11 2 -999.0 -999.0 -999.0 -999 -999 -999 -999 -999 -999 68 1.6 -999.0 7 3 25.9 545 一季稻 单作 -999 -999 -999 
50861 2005 10 2 -999.0 -999.0 -999.0 -999 -999 -999 -999 -999 3 -999 -999.0 -999.0 -999 -999 -999.0 -999 大豆 单作 -999 -999 -999 
50861 2005 10 2 -999.0 -999.0 -999.0 -999 -999 -999 -999 -999 1 -999 -999.0 -999.0 -999 -999 -999.0 -999 一季稻 单作 -999 -999 -999 
50861 2005 11 2 -999.0 -999.0 -999.0 -999 -999 -999 -999 -999 -999 45 17.9 14.0 -999 -999 17.8 197 大豆 单作 -999 -999 -999 
50861 2005 11 2 -999.0 -999.0 -999.0 -999 -999 -999 -999 -999 -999 64 1.4 -999.0 11 3 25.0 464 一季稻 单作 -999 -999 -999 
50861 2006 10 2 -999.0 -999.0 -999.0 -999 -999 -999 -999 -999 0 -999 -999.0 -999.0 -999 -999 -999.0 -999 大豆 单作 -999 -999 -999 
50861 2006 10 2 -999.0 -999.0 -999.0 -999 -999 -999 -999 -999 -1 -999 -999.0 -999.0 -999 -999 -999.0 -999 春玉米 单作 -999 -999 -999 
50861 2006 10 2 -999.0 -999.0 -999.0 -999 -999 -999 -999 -999 2 -999 -999.0 -999.0 -999 -999 -999.0 -999 一季稻 单作 -999 -999 -999 
50861 2006 11 2 -999.0 -999.0 -999.0 -999 -999 -999 -999 -999 -999 34 11.8 12.0 -999 -999 17.2 175 大豆 单作 -999 -999 -999 
50861 2006 11 2 -999.0 -999.0 -999.0 -999 -999 -999 -999 -999 -999 64 1.2 -999.0 21 3 24.4 443 一季稻 单作 -999 -999 -999 
50861 2007 10 2 -999.0 -999.0 -999.0 -999 -999 -999 -999 -999 0 -999 -999.0 -999.0 -999 -999 -999.0 -999 一季稻 单作 -999 -999 -999 
50861 2007 10 2 -999.0 -999.0 -999.0 -999 -999 -999 -999 -999 13 -999 -999.0 -999.0 -999 -999 -999.0 -999 春玉米 单作 -999 -999 -999 
50861 2007 11 2 -999.0 -999.0 -999.0 -999 -999 -999 -999 -999 -999 25 -999.0 3.0 -999 -999 19.3 119 大豆 单作 -999 -999 -999 
50861 2007 11 2 -999.0 -999.0 -999.0 -999 -999 -999 -999 -999 -999 82 17.0 -999.0 -999 -999 22.8 550 大豆 -999 -999 -999 -999 
50861 2007 11 2 -999.0 -999.0 -999.0 -999 -999 -999 -999 -999 -999 -999 -999.0 -999.0 -999 -999 -999.0 -999 大豆 -999 -999 -999 -999 
50861 2008 10 2 -999.0 -999.0 -999.0 -999 -999 -999 -999 -999 37 -999 -999.0 -999.0 -999 -999 -999.0 -999 春玉米 单作 -999 -999 -999 
50861 2008 10 2 -999.0 -999.0 -999.0 -999 -999 -999 -999 -999 44 -999 -999.0 -999.0 -999 -999 -999.0 -999 大豆 单作 -999 -999 -999 
50861 2008 10 2 -999.0 -999.0 -999.0 -999 -999 -999 -999 -999 1 -999 -999.0 -999.0 -999 -999 -999.0 -999 一季稻 单作 -999 -999 -999 
50861 2008 11 2 -999.0 -999.0 -999.0 -999 -999 -999 -999 -999 -999 91 2.0 -999.0 8 3 24.2 570 一季稻 单作 -999 -999 -999 
50861 2008 11 2 -999.0 -999.0 -999.0 -999 -999 -999 -999 -999 -999 26 8.8 14.0 -999 -999 18.8 115 大豆 单作 -999 -999 -999 
50867 1999 10 2 -999.0 -999.0 -999.0 -999 -999 -999 -999 -999 -999 -999 -999.0 -999.0 -999 -999 -999.0 -999 春玉米 单作 9 -999 -999 
50867 2000 10 3 -999.0 -999.0 -999.0 -999 -999 -999 -999 -999 -20 -999 -999.0 -999.0 -999 -999 -999.0 -999 春玉米 单作 -999 -999 -999 
50867 2002 10 2 -999.0 -999.0 -999.0 -999 -999 -999 -999 -999 2 -999 -999.0 -999.0 -999 -999 -999.0 -999 春玉米 单作 -999 -999 -999 
50867 2002 11 2 -999.0 -999.0 -999.0 -999 -999 -999 -999 -999 -999 -999 187.0 0.0 -999 -999 29.2 79 春玉米 单作 -999 -999 -999 
50867 2002 11 2 -999.0 -999.0 -999.0 -999 -999 -999 -999 -999 -999 32 13.1 18.0 -999 -999 17.4 27 大豆 单作 -999 -999 -999 
50867 2003 10 2 -999.0 -999.0 -999.0 -999 -999 -999 -999 -999 -96 -999 -999.0 -999.0 -999 -999 -999.0 -999 大豆 单作 -999 -999 -999 
50867 2003 10 2 -999.0 -999.0 -999.0 -999 -999 -999 -999 -999 -999 -999 -999.0 -999.0 -999 -999 -999.0 -999 春玉米 单作 -999 -999 -999 
50867 2003 11 2 -999.0 -999.0 -999.0 -999 -999 -999 -999 -999 -999 23 9.0 11.0 -999 -999 20.1 140 大豆 单作 -999 -999 -999 
50867 2003 11 2 -999.0 -999.0 -999.0 -999 -999 -999 -999 -999 -999 -999 200.0 0.0 -999 -999 31.9 447 春玉米 单作 -999 -999 -999 
50867 2004 10 2 -999.0 -999.0 -999.0 -999 -999 -999 -999 -999 10 -999 -999.0 -999.0 -999 -999 -999.0 -999 大豆 单作 -999 -999 -999 
50867 2004 10 2 -999.0 -999.0 -999.0 -999 -999 -999 -999 -999 6 -999 -999.0 -999.0 -999 -999 -999.0 -999 春玉米 单作 -999 -999 -999 
50867 2004 11 2 -999.0 -999.0 -999.0 -999 -999 -999 -999 -999 -999 30 14.6 3.0 -999 -999 18.3 160 大豆 单作 -999 -999 -999 
50867 2004 11 2 -999.0 -999.0 -999.0 -999 -999 -999 -999 -999 -999 -999 240.0 0.0 -999 -999 30.1 507 春玉米 单作 -999 -999 -999 
50867 2005 10 2 -999.0 -999.0 -999.0 -999 -999 -999 -999 -999 4 -999 -999.0 -999.0 -999 -999 -999.0 -999 大豆 单作 -999 -999 -999 
50867 2005 10 2 -999.0 -999.0 -999.0 -999 -999 -999 -999 -999 -999 -999 -999.0 -999.0 -999 -999 -999.0 -999 春玉米 单作 -999 -999 -999 
50867 2005 11 2 -999.0 -999.0 -999.0 -999 -999 -999 -999 -999 -999 33 15.0 5.0 -999 -999 18.2 160 大豆 单作 -999 -999 -999 
50867 2005 11 2 -999.0 -999.0 -999.0 -999 -999 -999 -999 -999 -999 -999 230.0 0.0 -999 -999 30.1 567 春玉米 单作 -999 -999 -999 
50867 2006 10 2 -999.0 -999.0 -999.0 -999 -999 -999 -999 -999 4 -999 -999.0 -999.0 -999 -999 -999.0 -999 大豆 单作 -999 -999 -999 
50867 2006 10 2 -999.0 -999.0 -999.0 -999 -999 -999 -999 -999 10 -999 -999.0 -999.0 -999 -999 -999.0 -999 春玉米 单作 -999 -999 -999 
50867 2006 11 2 -999.0 -999.0 -999.0 -999 -999 -999 -999 -999 -999 35 14.4 6.0 -999 -999 17.4 160 大豆 单作 -999 -999 -999 
50867 2006 11 2 -999.0 -999.0 -999.0 -999 -999 -999 -999 -999 -999 -999 248.0 0.0 -999 -999 29.5 575 春玉米 单作 -999 -999 -999 
50867 2007 10 2 -999.0 -999.0 -999.0 -999 -999 -999 -999 -999 6 -999 -999.0 -999.0 -999 -999 -999.0 -999 春玉米 单作 -999 -999 -999 
50867 2007 10 2 -999.0 -999.0 -999.0 -999 -999 -999 -999 -999 0 -999 -999.0 -999.0 -999 -999 -999.0 -999 大豆 单作 -999 -999 -999 
50867 2007 11 2 -999.0 -999.0 -999.0 -999 -999 -999 -999 -999 -999 -999 241.0 0.0 -999 -999 32.3 620 春玉米 单作 -999 -999 -999 
50867 2007 11 2 -999.0 -999.0 -999.0 -999 -999 -999 -999 -999 -999 37 -999.0 6.0 -999 -999 16.9 147 大豆 单作 -999 -999 -999 
50867 2008 10 2 -999.0 -999.0 -999.0 -999 -999 -999 -999 -999 8 -999 -999.0 -999.0 -999 -999 -999.0 -999 春玉米 单作 -999 -999 -999 
50867 2008 10 2 -999.0 -999.0 -999.0 -999 -999 -999 -999 -999 0 -999 -999.0 -999.0 -999 -999 -999.0 -999 大豆 单作 -999 -999 -999 
50867 2008 11 2 -999.0 -999.0 -999.0 -999 -999 -999 -999 -999 -999 -999 263.0 0.0 -999 -999 32.5 673 春玉米 单作 -999 -999 -999 
50867 2008 11 2 -999.0 -999.0 -999.0 -999 -999 -999 -999 -999 -999 38 12.0 6.0 -999 -999 17.8 187 大豆 单作 -999 -999 -999 
50871 1999 10 1 -999.0 -999.0 -999.0 -999 -999 -999 -999 -999 -13 -999 -999.0 -999.0 -999 -999 -999.0 -999 大豆 单作 -999 -999 -999 
50871 1999 11 1 -999.0 -999.0 -999.0 -999 -999 -999 -999 -999 -999 26 6.8 29.0 -999 -999 16.7 108 大豆 单作 -999 -999 -999 
50871 2000 11 3 -999.0 -999.0 -999.0 -999 -999 -999 -999 -999 -999 49 0.1 -999.0 4 5 25.7 522 一季稻 单作 -999 -999 -999 
50871 2002 11 3 -999.0 -999.0 -999.0 -999 -999 -999 -999 -999 -999 23 7.4 300.0 -999 -999 1.7 166 大豆 单作 -999 -999 -999 
50871 2002 11 3 -999.0 -999.0 -999.0 -999 -999 -999 -999 -999 -999 49 1.0 -999.0 10 13 21.3 403 一季稻 单作 -999 -999 -999 
50871 2003 10 2 -999.0 -999.0 -999.0 -999 -999 -999 -999 -999 25 -999 -999.0 -999.0 -999 -999 -999.0 -999 大豆 单作 -999 -999 -999 
50871 2003 10 2 -999.0 -999.0 -999.0 -999 -999 -999 -999 -999 42 -999 -999.0 -999.0 -999 -999 -999.0 -999 一季稻 单作 -999 -999 -999 
50871 2003 11 2 -999.0 -999.0 -999.0 -999 -999 -999 -999 -999 -999 24 8.3 32.0 -999 -999 18.3 110 大豆 单作 -999 -999 -999 
50871 2003 11 2 -999.0 -999.0 -999.0 -999 -999 -999 -999 -999 -999 51 1.0 -999.0 13 11 19.5 307 一季稻 单作 -999 -999 -999 
50871 2004 10 2 -999.0 -999.0 -999.0 -999 -999 -999 -999 -999 2 -999 -999.0 -999.0 -999 -999 -999.0 -999 大豆 单作 -999 -999 -999 
50871 2004 10 2 -999.0 -999.0 -999.0 -999 -999 -999 -999 -999 19 -999 -999.0 -999.0 -999 -999 -999.0 -999 一季稻 单作 -999 -999 -999 
50871 2004 11 2 -999.0 -999.0 -999.0 -999 -999 -999 -999 -999 -999 34 9.5 27.0 -999 -999 13.7 123 大豆 单作 -999 -999 -999 
50871 2004 11 2 -999.0 -999.0 -999.0 -999 -999 -999 -999 -999 -999 64 1.3 -999.0 11 10 22.5 473 一季稻 单作 -999 -999 -999 
50871 2005 10 2 -999.0 -999.0 -999.0 -999 -999 -999 -999 -999 -67 -999 -999.0 -999.0 -999 -999 -999.0 -999 大豆 单作 -999 -999 -999 
50871 2005 10 2 -999.0 -999.0 -999.0 -999 -999 -999 -999 -999 -35 -999 -999.0 -999.0 -999 -999 -999.0 -999 一季稻 单作 -999 -999 -999 
50871 2005 11 2 -999.0 -999.0 -999.0 -999 -999 -999 -999 -999 -999 45 17.7 17.0 -999 -999 23.5 158 大豆 单作 -999 -999 -999 
50871 2006 10 2 -999.0 -999.0 -999.0 -999 -999 -999 -999 -999 -24 -999 -999.0 -999.0 -999 -999 -999.0 -999 大豆 单作 -999 -999 -999 
50871 2006 10 2 -999.0 -999.0 -999.0 -999 -999 -999 -999 -999 -12 -999 -999.0 -999.0 -999 -999 -999.0 -999 一季稻 单作 -999 -999 -999 
50871 2006 11 2 -999.0 -999.0 -999.0 -999 -999 -999 -999 -999 -999 34 9.5 27.0 -999 -999 13.8 178 大豆 单作 -999 -999 -999 
50871 2006 11 2 -999.0 -999.0 -999.0 -999 -999 -999 -999 -999 -999 50 1.3 -999.0 4 6 25.9 533 一季稻 单作 -999 -999 -999 
50871 2007 11 2 -999.0 -999.0 -999.0 -999 -999 -999 -999 -999 -999 66 15.0 -999.0 6 9 22.1 540 一季稻 单作 -999 -999 -999 
50871 2007 11 2 -999.0 -999.0 -999.0 -999 -999 -999 -999 -999 -999 23 73.0 29.0 -999 -999 17.6 134 大豆 单作 -999 -999 -999 
50871 2008 10 2 -999.0 -999.0 -999.0 -999 -999 -999 -999 -999 1 -999 -999.0 -999.0 -999 -999 -999.0 -999 一季稻 单作 -999 -999 -999 
50871 2008 10 2 -999.0 -999.0 -999.0 -999 -999 -999 -999 -999 12 -999 -999.0 -999.0 -999 -999 -999.0 -999 大豆 单作 -999 -999 -999 
50871 2008 11 2 -999.0 -999.0 -999.0 -999 -999 -999 -999 -999 -999 65 1.3 -999.0 5 8 23.2 540 一季稻 -999 -999 -999 -999 
50871 2008 11 2 -999.0 -999.0 -999.0 -999 -999 -999 -999 -999 -999 33 10.2 20.0 -999 -999 13.0 156 大豆 -999 -999 -999 -999 
50873 2002 11 2 -999.0 -999.0 -999.0 -999 -999 -999 -999 -999 -999 -999 194.0 -999.0 -999 -999 2.7 308 春玉米 单作 -999 -999 -999 
50873 2002 11 2 -999.0 -999.0 -999.0 -999 -999 -999 -999 -999 -999 36 1.3 10.0 -999 -999 2.0 -999 大豆 单作 -999 -999 -999 
50873 2003 10 2 -999.0 -999.0 -999.0 -999 -999 -999 -999 -999 -30 -999 -999.0 -999.0 -999 -999 -999.0 -999 大豆 单作 -999 -999 -999 
50873 2003 10 2 -999.0 -999.0 -999.0 -999 -999 -999 -999 -999 -18 -999 -999.0 -999.0 -999 -999 -999.0 -999 春玉米 单作 -999 -999 -999 
50873 2003 10 2 -999.0 -999.0 -999.0 -999 -999 -999 -999 -999 -38 -999 -999.0 -999.0 -999 -999 -999.0 -999 春小麦 单作 -999 -999 -999 
50873 2003 10 2 -999.0 -999.0 -999.0 -999 -999 -999 -999 -999 -38 -999 -999.0 -999.0 -999 -999 -999.0 -999 一季稻 -999 -999 -999 -999 
50873 2004 10 2 -999.0 -999.0 -999.0 -999 -999 -999 -999 -999 -5 -999 -999.0 -999.0 -999 -999 -999.0 -999 大豆 单作 -999 -999 -999 
50873 2004 10 2 -999.0 -999.0 -999.0 -999 -999 -999 -999 -999 50 -999 -999.0 -999.0 -999 -999 -999.0 -999 春玉米 单作 -999 -999 -999 
50873 2004 10 2 -999.0 -999.0 -999.0 -999 -999 -999 -999 -999 131 -999 -999.0 -999.0 -999 -999 -999.0 -999 春小麦 单作 -999 -999 -999 
50873 2004 10 2 -999.0 -999.0 -999.0 -999 -999 -999 -999 -999 33 -999 -999.0 -999.0 -999 -999 -999.0 -999 一季稻 单作 -999 -999 -999 
50880 2000 11 1 -999.0 -999.0 -999.0 -999 -999 -999 -999 -999 -999 15 15.1 4.6 -999 -999 26.5 96 春小麦 单作 -999 -999 -999 
50880 2000 11 1 -999.0 -999.0 -999.0 -999 -999 -999 -999 -999 -999 -999 -999.0 -999.0 -999 -999 -999.0 277 马铃薯 -999 1 -999 -999 
50880 2005 10 2 -999.0 -999.0 -999.0 -999 -999 -999 -999 -999 8 -999 -999.0 -999.0 -999 -999 -999.0 -999 大豆 单作 -999 -999 -999 
50880 2005 10 2 -999.0 -999.0 -999.0 -999 -999 -999 -999 -999 -7 -999 -999.0 -999.0 -999 -999 -999.0 -999 春玉米 单作 -999 -999 -999 
50880 2005 11 2 -999.0 -999.0 -999.0 -999 -999 -999 -999 -999 -999 20 10.5 3.0 -999 -999 15.1 149 大豆 单作 -999 -999 -999 
50880 2005 11 2 -999.0 -999.0 -999.0 -999 -999 -999 -999 -999 -999 -999 224.0 0.0 -999 -999 37.1 624 春玉米 单作 -999 -999 -999 
50880 2006 8 2 -999.0 -999.0 -999.0 -999 -999 -999 -999 -999 -10 -999 -999.0 -999.0 -999 -999 -999.0 -999 大豆 -999 -999 -999 -999 
50880 2006 10 2 -999.0 -999.0 -999.0 -999 -999 -999 -999 -999 -10 -999 -999.0 -999.0 -999 -999 -999.0 -999 大豆 单作 -999 -999 -999 
50880 2006 10 2 -999.0 -999.0 -999.0 -999 -999 -999 -999 -999 85 -999 -999.0 -999.0 -999 -999 -999.0 -999 春玉米 单作 -999 -999 -999 
50880 2008 12 1 -999.0 -999.0 -999.0 -999 -999 -999 -999 -999 -999 -999 166.0 0.0 -999 -999 3.0 856 春玉米 单作 -999 -999 -999 
50880 2008 12 1 -999.0 -999.0 -999.0 -999 -999 -999 -999 -999 -999 -999 2.8 5.0 -999 -999 1.7 180 大豆 单作 -999 -999 -999 
50888 2004 10 2 -999.0 -999.0 -999.0 -999 -999 -999 -999 -999 180 -999 -999.0 -999.0 -999 -999 -999.0 -999 大豆 单作 -999 -999 -999 
50888 2004 10 2 -999.0 -999.0 -999.0 -999 -999 -999 -999 -999 0 -999 -999.0 -999.0 -999 -999 -999.0 -999 一季稻 单作 -999 -999 -999 
50888 2004 11 2 -999.0 -999.0 -999.0 -999 -999 -999 -999 -999 -999 30 11.1 9.0 -999 -999 16.7 190 大豆 单作 -999 -999 -999 
50888 2004 11 2 -999.0 -999.0 -999.0 -999 -999 -999 -999 -999 -999 116 -999.0 -999.0 7 3 23.6 483 一季稻 单作 -999 -999 -999 
50888 2005 10 2 -999.0 -999.0 -999.0 -999 -999 -999 -999 -999 12 -999 -999.0 -999.0 -999 -999 -999.0 -999 大豆 单作 -999 -999 -999 
50888 2005 10 2 -999.0 -999.0 -999.0 -999 -999 -999 -999 -999 -31 -999 -999.0 -999.0 -999 -999 -999.0 -999 一季稻 单作 -999 -999 -999 
50888 2005 11 2 -999.0 -999.0 -999.0 -999 -999 -999 -999 -999 -999 27 11.7 7.0 -999 -999 19.7 210 大豆 单作 -999 -999 -999 
50888 2005 11 2 -999.0 -999.0 -999.0 -999 -999 -999 -999 -999 -999 93 -999.0 -999.0 6 2 27.2 560 一季稻 单作 -999 -999 -999 
50888 2006 10 2 -999.0 -999.0 -999.0 -999 -999 -999 -999 -999 4 -999 -999.0 -999.0 -999 -999 -999.0 -999 大豆 单作 -999 -999 -999 
50888 2006 10 2 -999.0 -999.0 -999.0 -999 -999 -999 -999 -999 -2 -999 -999.0 -999.0 -999 -999 -999.0 -999 一季稻 单作 -999 -999 -999 
50888 2006 11 2 -999.0 -999.0 -999.0 -999 -999 -999 -999 -999 -999 24 8.8 7.0 -999 -999 20.2 215 大豆 单作 -999 -999 -999 
50888 2006 11 2 -999.0 -999.0 -999.0 -999 -999 -999 -999 -999 -999 82 -999.0 -999.0 2 1 29.1 580 一季稻 单作 -999 -999 -999 
50888 2007 10 2 -999.0 -999.0 -999.0 -999 -999 -999 -999 -999 15 -999 -999.0 -999.0 -999 -999 -999.0 -999 一季稻 单作 -999 -999 -999 
50888 2007 10 2 -999.0 -999.0 -999.0 -999 -999 -999 -999 -999 28 -999 -999.0 -999.0 -999 -999 -999.0 -999 大豆 单作 -999 -999 -999 
50888 2008 10 2 -999.0 -999.0 -999.0 -999 -999 -999 -999 -999 2 -999 -999.0 -999.0 -999 -999 -999.0 -999 一季稻 单作 -999 -999 -999 
50888 2008 10 2 -999.0 -999.0 -999.0 -999 -999 -999 -999 -999 0 -999 -999.0 -999.0 -999 -999 -999.0 -999 大豆 单作 -999 -999 -999 
50892 1999 10 2 -999.0 -999.0 -999.0 -999 -999 -999 -999 -999 -6 -999 -999.0 -999.0 -999 -999 -999.0 -999 春小麦 单作 -999 -999 -999 
50892 2000 11 2 -999.0 -999.0 -999.0 -999 -999 -999 -999 -999 -999 34 -999.0 0.4 -999 -999 41.0 250 冬小麦 单作 4 -999 -999 
50892 2002 10 2 -999.0 -999.0 -999.0 -999 -999 -999 -999 -999 2 -999 -999.0 -999.0 -999 -999 -999.0 -999 春小麦 单作 9 -999 -999 
50892 2002 11 2 -999.0 -999.0 -999.0 -999 -999 -999 -999 -999 -999 20 -999.0 0.6 -999 -999 30.4 189 春小麦 单作 -999 -999 -999 
50892 2002 11 2 -999.0 -999.0 -999.0 -999 -999 -999 -999 -999 -999 28 9.3 4.0 -999 -999 17.1 128 大豆 单作 -999 -999 -999 
50892 2003 10 2 -999.0 -999.0 -999.0 -999 -999 -999 -999 -999 10 -999 -999.0 -999.0 -999 -999 -999.0 -999 大豆 单作 -999 -999 -999 
50892 2003 10 2 -999.0 -999.0 -999.0 -999 -999 -999 -999 -999 -79 -999 -999.0 -999.0 -999 -999 -999.0 -999 春小麦 单作 -999 -999 -999 
50892 2003 11 2 -999.0 -999.0 -999.0 -999 -999 -999 -999 -999 -999 20 7.6 3.0 -999 -999 16.7 130 大豆 单作 -999 -999 -999 
50892 2003 11 2 -999.0 -999.0 -999.0 -999 -999 -999 -999 -999 -999 17 -999.0 1.8 -999 -999 35.0 58 春小麦 单作 -999 -999 -999 
50892 2004 10 2 -999.0 -999.0 -999.0 -999 -999 -999 -999 -999 55 -999 -999.0 -999.0 -999 -999 -999.0 -999 大豆 单作 -999 -999 -999 
50892 2004 10 2 -999.0 -999.0 -999.0 -999 -999 -999 -999 -999 23 -999 -999.0 -999.0 -999 -999 -999.0 -999 春小麦 单作 -999 -999 -999 
50892 2004 11 2 -999.0 -999.0 -999.0 -999 -999 -999 -999 -999 -999 19 7.4 2.0 -999 -999 18.5 127 大豆 单作 -999 -999 -999 
50892 2004 11 2 -999.0 -999.0 -999.0 -999 -999 -999 -999 -999 -999 21 -999.0 0.4 -999 -999 33.4 152 春小麦 单作 -999 -999 -999 
50892 2005 10 2 -999.0 -999.0 -999.0 -999 -999 -999 -999 -999 -7 -999 -999.0 -999.0 -999 -999 -999.0 -999 大豆 单作 -999 -999 -999 
50892 2005 10 2 -999.0 -999.0 -999.0 -999 -999 -999 -999 -999 -56 -999 -999.0 -999.0 -999 -999 -999.0 -999 春小麦 单作 -999 -999 -999 
50892 2005 11 2 -999.0 -999.0 -999.0 -999 -999 -999 -999 -999 -999 36 13.5 7.0 -999 -999 16.7 208 大豆 单作 -999 -999 -999 
50892 2005 11 2 -999.0 -999.0 -999.0 -999 -999 -999 -999 -999 -999 12 -999.0 2.7 -999 -999 30.4 -999 春小麦 单作 -999 -999 -999 
50892 2006 11 2 -999.0 -999.0 -999.0 -999 -999 -999 -999 -999 -999 20 6.0 3.0 -999 -999 15.4 101 大豆 单作 -999 -999 -999 
50892 2006 11 2 -999.0 -999.0 -999.0 -999 -999 -999 -999 -999 -999 24 -999.0 1.1 -999 -999 28.5 205 春小麦 单作 -999 -999 -999 
50892 2007 10 2 -999.0 -999.0 -999.0 -999 -999 -999 -999 -999 25 -999 -999.0 -999.0 -999 -999 -999.0 -999 春玉米 单作 -999 -999 -999 
50892 2007 10 2 -999.0 -999.0 -999.0 -999 -999 -999 -999 -999 0 -999 -999.0 -999.0 -999 -999 -999.0 -999 大豆 单作 -999 -999 -999 
50892 2007 11 2 -999.0 -999.0 -999.0 -999 -999 -999 -999 -999 -999 -999 175.0 -999.0 -999 -999 33.9 575 春玉米 单作 -999 -999 -999 
50892 2007 11 2 -999.0 -999.0 -999.0 -999 -999 -999 -999 -999 -999 30 97.0 5.0 -999 -999 16.1 100 大豆 单作 -999 -999 -999 
50892 2008 10 2 -999.0 -999.0 -999.0 -999 -999 -999 -999 -999 2 -999 -999.0 -999.0 -999 -999 -999.0 -999 春玉米 单作 -999 -999 -999 
50892 2008 10 2 -999.0 -999.0 -999.0 -999 -999 -999 -999 -999 0 -999 -999.0 -999.0 -999 -999 -999.0 -999 大豆 单作 -999 -999 -999 
50892 2008 11 2 -999.0 -999.0 -999.0 -999 -999 -999 -999 -999 -999 -999 178.0 -999.0 -999 -999 28.0 500 春玉米 单作 -999 -999 -999 
50892 2008 11 2 -999.0 -999.0 -999.0 -999 -999 -999 -999 -999 -999 20 5.7 3.0 -999 -999 13.3 100 大豆 单作 -999 -999 -999 
50953 1999 10 2 -999.0 -999.0 -999.0 -999 -999 -999 -999 -999 -999 56 20.1 2.0 -999 -999 18.3 177 大豆 单作 -999 -999 -999 
50953 2003 10 2 -999.0 -999.0 -999.0 -999 -999 -999 -999 -999 -999 38 15.6 4.0 -999 -999 19.7 160 大豆 单作 -999 -999 -999 
50953 2003 10 2 -999.0 -999.0 -999.0 -999 -999 -999 -999 -999 -999 -999 199.0 3.0 -999 -999 42.2 567 春玉米 单作 -999 -999 -999 
50953 2005 11 2 -999.0 -999.0 -999.0 -999 -999 -999 -999 -999 -999 44 17.7 8.0 -999 -999 19.3 153 大豆 单作 -999 -999 -999 
50953 2005 11 2 -999.0 -999.0 -999.0 -999 -999 -999 -999 -999 -999 -999 201.0 0.0 -999 -999 40.0 440 春玉米 单作 -999 -999 -999 
50953 2006 11 2 -999.0 -999.0 -999.0 -999 -999 -999 -999 -999 -999 40 16.6 8.0 -999 -999 18.2 120 大豆 单作 -999 -999 -999 
50953 2006 11 2 -999.0 -999.0 -999.0 -999 -999 -999 -999 -999 -999 -999 199.0 0.0 -999 -999 39.0 420 春玉米 套作 -999 -999 -999 
50953 2007 11 2 -999.0 -999.0 -999.0 -999 -999 -999 -999 -999 -999 -999 165.0 0.0 -999 -999 32.4 360 春玉米 单作 -999 -999 -999 
50953 2007 11 2 -999.0 -999.0 -999.0 -999 -999 -999 -999 -999 -999 48 -999.0 9.0 -999 -999 20.1 167 大豆 单作 -999 -999 -999 
50953 2008 11 2 -999.0 -999.0 -999.0 -999 -999 -999 -999 -999 -999 -999 156.0 0.0 -999 -999 30.0 354 春玉米 单作 -999 -999 -999 
50953 2008 11 2 -999.0 -999.0 -999.0 -999 -999 -999 -999 -999 -999 32 16.6 8.0 -999 -999 18.0 120 大豆 单作 -999 -999 -999 
50954 2002 10 3 -999.0 -999.0 -999.0 -999 -999 -999 -999 -999 -999 -999 232.0 0.0 -999 -999 38.4 499 春玉米 单作 -999 -999 -999 
50954 2002 11 1 -999.0 -999.0 -999.0 -999 -999 -999 -999 -999 -999 90 7.6 -999.0 6 8 -999.0 334 一季稻 单作 -999 -999 -999 
50954 2003 8 3 -999.0 -999.0 -999.0 -999 -999 -999 -999 -999 12 -999 -999.0 -999.0 -999 -999 -999.0 -999 春玉米 单作 -999 -999 -999 
50954 2003 8 3 -999.0 -999.0 -999.0 -999 -999 -999 -999 -999 -9 -999 -999.0 -999.0 -999 -999 -999.0 -999 一季稻 单作 -999 -999 -999 
50955 2002 11 2 -999.0 -999.0 -999.0 -999 -999 -999 -999 -999 -999 -999 202.0 0.0 -999 -999 32.8 556 春玉米 单作 -999 -999 -999 
50955 2002 11 2 -999.0 -999.0 -999.0 -999 -999 -999 -999 -999 -999 28 6.8 11.0 -999 -999 17.8 141 大豆 单作 -999 -999 -999 
50955 2003 10 2 -999.0 -999.0 -999.0 -999 -999 -999 -999 -999 5 -999 -999.0 -999.0 -999 -999 -999.0 -999 大豆 单作 -999 -999 -999 
50955 2003 10 2 -999.0 -999.0 -999.0 -999 -999 -999 -999 -999 -16 -999 -999.0 -999.0 -999 -999 -999.0 -999 春玉米 单作 -999 -999 -999 
50955 2003 11 2 -999.0 -999.0 -999.0 -999 -999 -999 -999 -999 -999 26 7.8 9.0 -999 -999 21.3 153 大豆 单作 -999 -999 -999 
50955 2003 11 2 -999.0 -999.0 -999.0 -999 -999 -999 -999 -999 -999 -999 221.0 0.0 -999 -999 34.2 427 春玉米 单作 -999 -999 -999 
50955 2004 10 2 -999.0 -999.0 -999.0 -999 -999 -999 -999 -999 57 -999 -999.0 -999.0 -999 -999 -999.0 -999 大豆 单作 -999 -999 -999 
50955 2004 10 2 -999.0 -999.0 -999.0 -999 -999 -999 -999 -999 14 -999 -999.0 -999.0 -999 -999 -999.0 -999 春玉米 单作 -999 -999 -999 
50955 2004 11 2 -999.0 -999.0 -999.0 -999 -999 -999 -999 -999 -999 53 16.8 8.0 -999 -999 28.5 287 大豆 单作 -999 -999 -999 
50955 2004 11 2 -999.0 -999.0 -999.0 -999 -999 -999 -999 -999 -999 -999 225.0 0.0 -999 -999 32.3 460 春玉米 单作 -999 -999 -999 
50955 2005 10 2 -999.0 -999.0 -999.0 -999 -999 -999 -999 -999 -6 -999 -999.0 -999.0 -999 -999 -999.0 -999 大豆 单作 -999 -999 -999 
50955 2005 10 2 -999.0 -999.0 -999.0 -999 -999 -999 -999 -999 11 -999 -999.0 -999.0 -999 -999 -999.0 -999 春玉米 单作 -999 -999 -999 
50955 2005 11 2 -999.0 -999.0 -999.0 -999 -999 -999 -999 -999 -999 50 11.3 6.0 -999 -999 20.8 233 大豆 单作 -999 -999 -999 
50955 2005 11 2 -999.0 -999.0 -999.0 -999 -999 -999 -999 -999 -999 -999 246.0 0.0 -999 -999 33.9 567 春玉米 单作 -999 -999 -999 
50955 2006 10 2 -999.0 -999.0 -999.0 -999 -999 -999 -999 -999 23 -999 -999.0 -999.0 -999 -999 -999.0 -999 大豆 单作 -999 -999 -999 
50955 2006 10 2 -999.0 -999.0 -999.0 -999 -999 -999 -999 -999 1 -999 -999.0 -999.0 -999 -999 -999.0 -999 春玉米 单作 -999 -999 -999 
50955 2006 11 2 -999.0 -999.0 -999.0 -999 -999 -999 -999 -999 -999 35 10.2 6.0 -999 -999 20.2 200 大豆 单作 -999 -999 -999 
50955 2006 11 2 -999.0 -999.0 -999.0 -999 -999 -999 -999 -999 -999 -999 224.0 0.0 -999 -999 33.3 560 春玉米 单作 -999 -999 -999 
50955 2007 10 2 -999.0 -999.0 -999.0 -999 -999 -999 -999 -999 22 -999 -999.0 -999.0 -999 -999 -999.0 -999 大豆 单作 -999 -999 -999 
50955 2007 10 2 -999.0 -999.0 -999.0 -999 -999 -999 -999 -999 1 -999 -999.0 -999.0 -999 -999 -999.0 -999 春玉米 单作 -999 -999 -999 
50955 2007 11 2 -999.0 -999.0 -999.0 -999 -999 -999 -999 -999 -999 -999 194.0 0.0 -999 -999 32.9 520 春玉米 单作 -999 -999 -999 
50955 2007 11 2 -999.0 -999.0 -999.0 -999 -999 -999 -999 -999 -999 31 92.0 11.0 -999 -999 19.8 173 大豆 单作 -999 -999 -999 
50955 2008 10 2 -999.0 -999.0 -999.0 -999 -999 -999 -999 -999 12 -999 -999.0 -999.0 -999 -999 -999.0 -999 春玉米 单作 -999 -999 -999 
50955 2008 10 2 -999.0 -999.0 -999.0 -999 -999 -999 -999 -999 39 -999 -999.0 -999.0 -999 -999 -999.0 -999 大豆 单作 -999 -999 -999 
50955 2008 11 2 -999.0 -999.0 -999.0 -999 -999 -999 -999 -999 -999 -999 214.0 0.0 -999 -999 38.5 560 春玉米 单作 -999 -999 -999 
50955 2008 11 2 -999.0 -999.0 -999.0 -999 -999 -999 -999 -999 -999 27 10.2 10.0 -999 -999 19.7 193 大豆 单作 -999 -999 -999 
50964 2002 11 2 -999.0 -999.0 -999.0 -999 -999 -999 -999 -999 -999 -999 192.0 0.0 -999 -999 33.6 447 春玉米 单作 -999 -999 -999 
50964 2002 11 2 -999.0 -999.0 -999.0 -999 -999 -999 -999 -999 -999 86 28.8 -999.0 11 34 -999.0 400 一季稻 单作 -999 -999 -999 
50964 2003 10 2 -999.0 -999.0 -999.0 -999 -999 -999 -999 -999 -11 -999 -999.0 -999.0 -999 -999 -999.0 -999 大豆 单作 -999 -999 -999 
50964 2003 10 2 -999.0 -999.0 -999.0 -999 -999 -999 -999 -999 -13 -999 -999.0 -999.0 -999 -999 -999.0 -999 春玉米 单作 -999 -999 -999 
50964 2003 10 2 -999.0 -999.0 -999.0 -999 -999 -999 -999 -999 27 -999 -999.0 -999.0 -999 -999 -999.0 -999 一季稻 单作 -999 -999 -999 
50964 2003 11 2 -999.0 -999.0 -999.0 -999 -999 -999 -999 -999 -999 -999 190.0 -999.0 -999 -999 34.3 435 春玉米 单作 -999 -999 -999 
50964 2003 11 2 -999.0 -999.0 -999.0 -999 -999 -999 -999 -999 -999 744 32.5 -999.0 8 3 23.9 520 一季稻 单作 -999 -999 -999 
50964 2004 11 2 -999.0 -999.0 -999.0 -999 -999 -999 -999 -999 -999 -999 214.0 0.0 -999 -999 38.4 467 春玉米 单作 -999 -999 -999 
50964 2004 11 2 -999.0 -999.0 -999.0 -999 -999 -999 -999 -999 -999 76 33.8 -999.0 3 3 24.3 527 一季稻 单作 -999 -999 -999 
50964 2005 11 2 -999.0 -999.0 -999.0 -999 -999 -999 -999 -999 -999 80 35.0 -999.0 8 1 24.5 82 一季稻 单作 -999 -999 -999 
50964 2008 11 2 -999.0 -999.0 -999.0 -999 -999 -999 -999 -999 -999 86 4.0 -999.0 5 3 24.2 547 一季稻 单作 -999 -999 -999 
50964 2008 11 2 -999.0 -999.0 -999.0 -999 -999 -999 -999 -999 -999 -999 214.0 -999.0 -999 -999 34.1 454 春玉米 单作 -999 -999 -999 
50968 2003 10 2 -999.0 -999.0 -999.0 -999 -999 -999 -999 -999 22 -999 -999.0 -999.0 -999 -999 -999.0 -999 大豆 单作 -999 -999 -999 
50968 2003 10 2 -999.0 -999.0 -999.0 -999 -999 -999 -999 -999 -2 -999 -999.0 -999.0 -999 -999 -999.0 -999 春玉米 单作 -999 -999 -999 
50968 2003 10 2 -999.0 -999.0 -999.0 -999 -999 -999 -999 -999 -1 -999 -999.0 -999.0 -999 -999 -999.0 -999 一季稻 单作 -999 -999 -999 
50968 2005 10 2 -999.0 -999.0 -999.0 -999 -999 -999 -999 -999 1 -999 -999.0 -999.0 -999 -999 -999.0 -999 大豆 单作 -999 -999 -999 
50968 2005 10 2 -999.0 -999.0 -999.0 -999 -999 -999 -999 -999 0 -999 -999.0 -999.0 -999 -999 -999.0 -999 春玉米 单作 -999 -999 -999 
50968 2005 10 2 -999.0 -999.0 -999.0 -999 -999 -999 -999 -999 0 -999 -999.0 -999.0 -999 -999 -999.0 -999 一季稻 单作 -999 -999 -999 
50968 2007 11 2 -999.0 -999.0 -999.0 -999 -999 -999 -999 -999 -999 76 13.0 -999.0 4 5 23.7 553 一季稻 单作 -999 -999 -999 
50968 2007 11 2 -999.0 -999.0 -999.0 -999 -999 -999 -999 -999 -999 -999 201.0 0.0 -999 -999 38.6 607 春玉米 单作 -999 -999 -999 
50968 2008 11 2 -999.0 -999.0 -999.0 -999 -999 -999 -999 -999 -999 80 1.9 -999.0 5 6 27.8 613 一季稻 单作 -999 -999 -999 
50968 2008 11 2 -999.0 -999.0 -999.0 -999 -999 -999 -999 -999 -999 -999 230.0 0.0 -999 -999 37.7 649 春玉米 单作 -999 -999 -999 
50973 2006 10 2 -999.0 -999.0 -999.0 -999 -999 -999 -999 -999 -9 -999 -999.0 -999.0 -999 -999 -999.0 -999 大豆 单作 -999 -999 -999 
50973 2006 10 2 -999.0 -999.0 -999.0 -999 -999 -999 -999 -999 4 -999 -999.0 -999.0 -999 -999 -999.0 -999 春玉米 单作 -999 -999 -999 
50983 2002 12 2 -999.0 -999.0 -999.0 -999 -999 -999 -999 -999 -999 48 19.8 7.0 -999 -999 20.9 90 大豆 单作 -999 -999 -999 
50983 2002 12 2 -999.0 -999.0 -999.0 -999 -999 -999 -999 -999 -999 90 1.5 -999.0 19 3 24.2 350 一季稻 单作 -999 -999 -999 
50983 2003 11 2 -999.0 -999.0 -999.0 -999 -999 -999 -999 -999 -999 46 22.2 5.0 -999 -999 22.1 130 大豆 单作 -999 -999 -999 
50983 2003 11 2 -999.0 -999.0 -999.0 -999 -999 -999 -999 -999 -999 95 2.3 -999.0 7 1 25.3 475 一季稻 单作 -999 -999 -999 
50983 2004 11 2 -999.0 -999.0 -999.0 -999 -999 -999 -999 -999 -999 50 16.5 8.0 -999 -999 20.5 132 大豆 单作 -999 -999 -999 
50983 2004 11 2 -999.0 -999.0 -999.0 -999 -999 -999 -999 -999 -999 112 2.4 -999.0 7 40 -999.0 480 一季稻 单作 -999 -999 -999 
50983 2005 11 2 -999.0 -999.0 -999.0 -999 -999 -999 -999 -999 -999 50 22.4 5.0 -999 -999 21.5 138 大豆 单作 -999 -999 -999 
50983 2005 11 2 -999.0 -999.0 -999.0 -999 -999 -999 -999 -999 -999 103 2.5 -999.0 8 1 25.6 465 一季稻 单作 -999 -999 -999 
50983 2006 11 2 -999.0 -999.0 -999.0 -999 -999 -999 -999 -999 -999 62 24.2 2.0 -999 -999 20.4 160 大豆 单作 -999 -999 -999 
50983 2006 11 2 -999.0 -999.0 -999.0 -999 -999 -999 -999 -999 -999 101 3.3 -999.0 2 1 30.2 490 一季稻 单作 -999 -999 -999 
50983 2007 11 2 -999.0 -999.0 -999.0 -999 -999 -999 -999 -999 -999 134 39.0 -999.0 4 1 23.0 550 一季稻 单作 -999 -999 -999 
50983 2007 11 2 -999.0 -999.0 -999.0 -999 -999 -999 -999 -999 -999 59 -999.0 2.0 -999 -999 23.5 165 大豆 -999 -999 -999 -999 
50983 2008 11 2 -999.0 -999.0 -999.0 -999 -999 -999 -999 -999 -999 95 2.8 -999.0 2 0 31.9 568 一季稻 单作 -999 -999 -999 
50983 2008 11 2 -999.0 -999.0 -999.0 -999 -999 -999 -999 -999 -999 67 26.2 2.0 -999 -999 23.2 168 大豆 单作 -999 -999 -999 
54080 1999 10 2 -999.0 -999.0 -999.0 -999 -999 -999 -999 -999 0 -999 -999.0 -999.0 -999 -999 -999.0 -999 春玉米 单作 -999 -999 -999 
54080 2002 11 2 -999.0 -999.0 -999.0 -999 -999 -999 -999 -999 -999 -999 239.0 0.0 -999 -999 31.1 640 春玉米 单作 -999 -999 -999 
54080 2002 11 2 -999.0 -999.0 -999.0 -999 -999 -999 -999 -999 -999 88 1.9 -999.0 6 3 24.2 573 一季稻 单作 -999 -999 -999 
54080 2003 10 2 -999.0 -999.0 -999.0 -999 -999 -999 -999 -999 -20 -999 -999.0 -999.0 -999 -999 -999.0 -999 春玉米 单作 -999 -999 -999 
54080 2003 10 2 -999.0 -999.0 -999.0 -999 -999 -999 -999 -999 -6 -999 -999.0 -999.0 -999 -999 -999.0 -999 一季稻 单作 -999 -999 -999 
54080 2003 11 2 -999.0 -999.0 -999.0 -999 -999 -999 -999 -999 -999 77 1.5 -999.0 8 6 22.4 480 一季稻 单作 -999 -999 -999 
54080 2003 11 2 -999.0 -999.0 -999.0 -999 -999 -999 -999 -999 -999 -999 205.0 0.0 -999 -999 29.4 593 春玉米 单作 -999 -999 -999 
54080 2004 10 2 -999.0 -999.0 -999.0 -999 -999 -999 -999 -999 8 -999 -999.0 -999.0 -999 -999 -999.0 -999 春玉米 单作 -999 -999 -999 
54080 2004 10 2 -999.0 -999.0 -999.0 -999 -999 -999 -999 -999 8 -999 -999.0 -999.0 -999 -999 -999.0 -999 一季稻 单作 -999 -999 -999 
54080 2004 11 2 -999.0 -999.0 -999.0 -999 -999 -999 -999 -999 -999 -999 239.0 0.0 -999 -999 35.8 660 春玉米 单作 -999 -999 -999 
54080 2004 11 2 -999.0 -999.0 -999.0 -999 -999 -999 -999 -999 -999 100 2.3 -999.0 4 5 24.9 620 一季稻 单作 -999 -999 -999 
54080 2005 10 2 -999.0 -999.0 -999.0 -999 -999 -999 -999 -999 7 -999 -999.0 -999.0 -999 -999 -999.0 -999 春玉米 单作 -999 -999 -999 
54080 2005 10 2 -999.0 -999.0 -999.0 -999 -999 -999 -999 -999 -10 -999 -999.0 -999.0 -999 -999 -999.0 -999 一季稻 单作 -999 -999 -999 
54080 2005 11 2 -999.0 -999.0 -999.0 -999 -999 -999 -999 -999 -999 -999 214.0 0.0 -999 -999 33.8 650 春玉米 单作 -999 -999 -999 
54080 2005 11 2 -999.0 -999.0 -999.0 -999 -999 -999 -999 -999 -999 97 2.0 -999.0 7 7 24.0 617 一季稻 单作 -999 -999 -999 
54080 2006 10 2 -999.0 -999.0 -999.0 -999 -999 -999 -999 -999 6 -999 -999.0 -999.0 -999 -999 -999.0 -999 春玉米 单作 -999 -999 -999 
54080 2006 10 2 -999.0 -999.0 -999.0 -999 -999 -999 -999 -999 5 -999 -999.0 -999.0 -999 -999 -999.0 -999 一季稻 单作 -999 -999 -999 
54080 2006 11 2 -999.0 -999.0 -999.0 -999 -999 -999 -999 -999 -999 -999 239.0 0.0 -999 -999 33.5 615 春玉米 单作 -999 -999 -999 
54080 2006 11 2 -999.0 -999.0 -999.0 -999 -999 -999 -999 -999 -999 97 1.9 -999.0 9 4 23.3 603 一季稻 单作 -999 -999 -999 
54080 2007 10 2 -999.0 -999.0 -999.0 -999 -999 -999 -999 -999 4 -999 -999.0 -999.0 -999 -999 -999.0 -999 一季稻 单作 -999 -999 -999 
54080 2007 10 2 -999.0 -999.0 -999.0 -999 -999 -999 -999 -999 2 -999 -999.0 -999.0 -999 -999 -999.0 -999 春玉米 单作 -999 -999 -999 
54080 2007 11 2 -999.0 -999.0 -999.0 -999 -999 -999 -999 -999 -999 96 20.0 -999.0 8 8 25.4 627 一季稻 单作 -999 -999 -999 
54080 2007 11 2 -999.0 -999.0 -999.0 -999 -999 -999 -999 -999 -999 -999 185.0 0.0 -999 -999 39.5 633 春玉米 单作 -999 -999 -999 
54080 2008 11 2 -999.0 -999.0 -999.0 -999 -999 -999 -999 -999 -999 94 2.2 -999.0 7 7 26.8 711 一季稻 单作 -999 -999 -999 
54080 2008 11 2 -999.0 -999.0 -999.0 -999 -999 -999 -999 -999 -999 -999 198.0 0.0 -999 -999 39.6 687 春玉米 单作 -999 -999 -999 
54093 2004 10 2 -999.0 -999.0 -999.0 -999 -999 -999 -999 -999 0 -999 -999.0 -999.0 -999 -999 -999.0 -999 大豆 单作 -999 -999 -999 
54093 2004 10 2 -999.0 -999.0 -999.0 -999 -999 -999 -999 -999 0 -999 -999.0 -999.0 -999 -999 -999.0 -999 一季稻 单作 -999 -999 -999 
54093 2004 11 3 -999.0 -999.0 -999.0 -999 -999 -999 -999 -999 0 41 7.7 3.0 -999 -999 18.7 133 大豆 单作 -999 -999 -999 
54093 2004 11 3 -999.0 -999.0 -999.0 -999 -999 -999 -999 -999 0 56 1.5 -999.0 7 5 26.6 480 一季稻 单作 -999 -999 -999 
54093 2005 11 2 -999.0 -999.0 -999.0 -999 -999 -999 -999 -999 48 40 1.6 3.0 -999 -999 18.2 187 大豆 单作 -999 -999 -999 
54093 2005 11 2 -999.0 -999.0 -999.0 -999 -999 -999 -999 -999 20 77 13.6 -999.0 3 2 27.9 547 一季稻 单作 -999 -999 -999 
54093 2006 10 2 -999.0 -999.0 -999.0 -999 -999 -999 -999 -999 11 -999 -999.0 -999.0 -999 -999 -999.0 -999 大豆 单作 -999 -999 -999 
54093 2006 10 2 -999.0 -999.0 -999.0 -999 -999 -999 -999 -999 16 -999 -999.0 -999.0 -999 -999 -999.0 -999 一季稻 单作 -999 -999 -999 
54093 2006 11 2 -999.0 -999.0 -999.0 -999 -999 -999 -999 -999 -999 48 16.3 3.0 -999 -999 18.0 19 大豆 单作 -999 -999 -999 
54093 2006 11 2 -999.0 -999.0 -999.0 -999 -999 -999 -999 -999 -999 72 1.4 -999.0 2 3 27.8 54 一季稻 单作 -999 -999 -999 
54093 2007 10 2 -999.0 -999.0 -999.0 -999 -999 -999 -999 -999 5 -999 -999.0 -999.0 -999 -999 -999.0 -999 一季稻 单作 42 -999 -999 
54093 2007 10 2 -999.0 -999.0 -999.0 -999 -999 -999 -999 -999 8 -999 -999.0 -999.0 -999 -999 -999.0 -999 大豆 单作 2 -999 -999 
54093 2007 11 2 -999.0 -999.0 -999.0 -999 -999 -999 -999 -999 -999 88 17.0 -999.0 2 2 30.0 527 一季稻 单作 -999 -999 -999 
54093 2007 11 2 -999.0 -999.0 -999.0 -999 -999 -999 -999 -999 -999 47 -999.0 4.0 -999 -999 17.6 181 大豆 单作 -999 -999 -999 
54093 2008 10 2 -999.0 -999.0 -999.0 -999 -999 -999 -999 -999 9 -999 -999.0 -999.0 -999 -999 -999.0 -999 一季稻 单作 47 -999 -999 
54093 2008 10 2 -999.0 -999.0 -999.0 -999 -999 -999 -999 -999 12 -999 -999.0 -999.0 -999 -999 -999.0 -999 大豆 单作 2 -999 -999 
54093 2008 11 2 -999.0 -999.0 -999.0 -999 -999 -999 -999 -999 -999 82 1.5 -999.0 2 2 27.0 510 一季稻 单作 -999 -999 -999 
54093 2008 11 2 -999.0 -999.0 -999.0 -999 -999 -999 -999 -999 -999 49 16.4 3.0 -999 -999 18.0 140 大豆 单作 -999 -999 -999 
54098 1999 10 2 -999.0 -999.0 -999.0 -999 -999 -999 -999 -999 -6 -999 -999.0 -999.0 -999 -999 -999.0 -999 一季稻 单作 -999 -999 -999 
54098 2002 10 2 -999.0 -999.0 -999.0 -999 -999 -999 -999 -999 0 -999 -999.0 -999.0 -999 -999 -999.0 -999 一季稻 单作 -999 -999 -999 
54098 2003 10 2 -999.0 -999.0 -999.0 -999 -999 -999 -999 -999 -45 -999 -999.0 -999.0 -999 -999 -999.0 -999 一季稻 单作 -999 -999 -999 
54098 2003 11 2 -999.0 -999.0 -999.0 -999 -999 -999 -999 -999 -999 82 1.6 -999.0 5 3 19.9 281 一季稻 单作 -999 -999 -999 
54098 2004 10 2 -999.0 -999.0 -999.0 -999 -999 -999 -999 -999 0 -999 -999.0 -999.0 -999 -999 -999.0 -999 甜菜 -999 -999 -999 -999 
54098 2004 10 2 -999.0 -999.0 -999.0 -999 -999 -999 -999 -999 -10 -999 -999.0 -999.0 -999 -999 -999.0 -999 一季稻 单作 -999 -999 -999 
54098 2006 10 3 -999.0 -999.0 -999.0 -999 -999 -999 -999 -999 9 -999 -999.0 -999.0 -999 -999 -999.0 -999 甜菜 单作 -999 -999 -999 
54098 2006 10 3 -999.0 -999.0 -999.0 -999 -999 -999 -999 -999 2 -999 -999.0 -999.0 -999 -999 -999.0 -999 一季稻 单作 -999 -999 -999 
54098 2006 11 2 -999.0 -999.0 -999.0 -999 -999 -999 -999 -999 1 83 0.2 -999.0 2 1 2.4 521 一季稻 单作 -999 -999 -999 
54098 2007 10 2 -999.0 -999.0 -999.0 -999 -999 -999 -999 -999 6 -999 -999.0 -999.0 -999 -999 -999.0 -999 一季稻 单作 -999 -999 -999 
54098 2007 10 2 -999.0 -999.0 -999.0 -999 -999 -999 -999 -999 0 -999 -999.0 -999.0 -999 -999 -999.0 -999 甜菜 单作 -999 -999 -999 
54098 2007 11 2 -999.0 -999.0 -999.0 -999 -999 -999 -999 -999 -999 86 21.0 -999.0 2 1 24.3 562 一季稻 单作 -999 -999 -999 
54098 2008 10 2 -999.0 -999.0 -999.0 -999 -999 -999 -999 -999 9 -999 -999.0 -999.0 -999 -999 -999.0 -999 一季稻 单作 -999 -999 -999 
54098 2008 10 2 -999.0 -999.0 -999.0 -999 -999 -999 -999 -999 0 -999 -999.0 -999.0 -999 -999 -999.0 -999 甜菜 单作 -999 -999 -999 
